SEF	0.2.0
ID	DWRUK_CAPGRISNEZ
Name	Cap Gris Nez
Lat	50.870870
Lon	1.585211
Alt	
Source	DWR_UKMO
Link	
Vbl	rr
Stat	sum
Units	mm
Meta	
Year	Month	Day	Hour	Minute	Period	Value	Meta
1900	1	1	6	51	p1day	0	orig=0.0in
1900	1	2	6	51	p1day	2.03	orig=0.08in
1900	1	3	6	51	p1day	0	orig=0.0in
1900	1	4	6	51	p1day	8.13	orig=0.32in
1900	1	5	6	51	p1day	2.03	orig=0.08in
1900	1	6	6	51	p1day	8.89	orig=0.35in
1900	1	7	6	51	p1day	5.08	orig=0.2in
1900	1	8	6	51	p1day	8.89	orig=0.35in
1900	1	9	6	51	p1day	6.1	orig=0.24in
1900	1	10	6	51	p1day	0	orig=0.0in
1900	1	11	6	51	p1day	0	orig=0.0in
1900	1	12	6	51	p1day	1.02	orig=0.04in
1900	1	13	6	51	p1day	0	orig=0.0in
1900	1	14	6	51	p1day	0	orig=0.0in
1900	1	15	6	51	p1day	0	orig=0.0in
1900	1	16	6	51	p1day	12.95	orig=0.51in
1900	1	17	6	51	p1day	10.92	orig=0.43in
1900	1	18	6	51	p1day	2.03	orig=0.08in
1900	1	19	6	51	p1day	0	orig=0.0in
1900	1	20	6	51	p1day	5.08	orig=0.2in
1900	1	21	6	51	p1day	6.1	orig=0.24in
1900	1	22	6	51	p1day	10.92	orig=0.43in
1900	1	23	6	51	p1day	0	orig=0.0in
1900	1	24	6	51	p1day	2.03	orig=0.08in
1900	1	25	6	51	p1day	4.06	orig=0.16in
1900	1	26	6	51	p1day	0	orig=0.0in
1900	1	27	6	51	p1day	10.92	orig=0.43in
1900	1	28	6	51	p1day	1.02	orig=0.04in
1900	1	29	6	51	p1day	4.06	orig=0.16in
1900	1	30	6	51	p1day	5.08	orig=0.2in
1900	1	31	6	51	p1day	7.11	orig=0.28in
1900	2	1	6	51	p1day	0	orig=0.0in
1900	2	2	6	51	p1day	0	orig=0.0in
1900	2	3	6	51	p1day	23.11	orig=0.91in
1900	2	4	6	51	p1day	1.02	orig=0.04in
1900	2	5	6	51	p1day	0	orig=0.0in
1900	2	6	6	51	p1day	4.06	orig=0.16in
1900	2	7	6	51	p1day	2.03	orig=0.08in
1900	2	8	6	51	p1day	3.05	orig=0.12in
1900	2	9	6	51	p1day	0	orig=0.0in
1900	2	10	6	51	p1day	0	orig=0.0in
1900	2	11	6	51	p1day	4.06	orig=0.16in
1900	2	12	6	51	p1day	0	orig=0.0in
1900	2	14	6	51	p1day	12.95	orig=0.51in
1900	2	15	6	51	p1day	1.02	orig=0.04in
1900	2	16	6	51	p1day	22.1	orig=0.87in
1900	2	17	6	51	p1day	3.05	orig=0.12in
1900	2	18	6	51	p1day	9.91	orig=0.39in
1900	2	19	6	51	p1day	5.08	orig=0.2in
1900	2	20	6	51	p1day	5.08	orig=0.2in
1900	2	21	6	51	p1day	9.91	orig=0.39in
1900	2	22	6	51	p1day	2.03	orig=0.08in
1900	2	23	6	51	p1day	5.08	orig=0.2in
1900	2	24	6	51	p1day	2.03	orig=0.08in
1900	2	25	6	51	p1day	7.11	orig=0.28in
1900	2	26	6	51	p1day	0	orig=0.0in
1900	2	27	6	51	p1day	1.02	orig=0.04in
1900	2	28	6	51	p1day	0	orig=0.0in
1900	3	1	6	51	p1day	1.02	orig=0.04in
1900	3	2	6	51	p1day	0	orig=0.0in
1900	3	3	6	51	p1day	0	orig=0.0in
1900	3	4	6	51	p1day	1.02	orig=0.04in
1900	3	5	6	51	p1day	0	orig=0.0in
1900	3	6	6	51	p1day	0	orig=0.0in
1900	3	7	6	51	p1day	1.02	orig=0.04in
1900	3	8	6	51	p1day	0	orig=0.0in
1900	3	9	6	51	p1day	0	orig=0.0in
1900	3	10	6	51	p1day	0	orig=0.0in
1900	3	11	6	51	p1day	0	orig=0.0in
1900	3	12	6	51	p1day	0	orig=0.0in
1900	3	13	6	51	p1day	0	orig=0.0in
1900	3	14	6	51	p1day	0	orig=0.0in
1900	3	15	6	51	p1day	0	orig=0.0in
1900	3	16	6	51	p1day	0	orig=0.0in
1900	3	17	6	51	p1day	0	orig=0.0in
1900	3	18	6	51	p1day	0	orig=0.0in
1900	3	19	6	51	p1day	8.13	orig=0.32in
1900	3	20	6	51	p1day	2.03	orig=0.08in
1900	3	21	6	51	p1day	0	orig=0.0in
1900	3	22	6	51	p1day	0	orig=0.0in
1900	3	24	6	51	p1day	0	orig=0.0in
1900	3	25	6	51	p1day	0	orig=0.0in
1900	3	26	6	51	p1day	0	orig=0.0in
1900	3	27	6	51	p1day	0	orig=0.0in
1900	3	28	6	51	p1day	0	orig=0.0in
1900	3	29	6	51	p1day	2.03	orig=0.08in
1900	3	30	6	51	p1day	0	orig=0.0in
1900	3	31	6	51	p1day	0	orig=0.0in
1900	4	1	6	51	p1day	0	orig=0.0in
1900	4	2	6	51	p1day	0	orig=0.0in
1900	4	3	6	51	p1day	0	orig=0.0in
1900	4	4	6	51	p1day	0	orig=0.0in
1900	4	5	6	51	p1day	2.03	orig=0.08in
1900	4	6	6	51	p1day	3.05	orig=0.12in
1900	4	7	6	51	p1day	8.89	orig=0.35in
1900	4	8	6	51	p1day	1.02	orig=0.04in
1900	4	9	6	51	p1day	0	orig=0.0in
1900	4	10	6	51	p1day	0	orig=0.0in
1900	4	11	6	51	p1day	3.05	orig=0.12in
1900	4	12	6	51	p1day	3.05	orig=0.12in
1900	4	13	6	51	p1day	3.05	orig=0.12in
1900	4	15	6	51	p1day	0	orig=0.0in
1900	4	16	6	51	p1day	0	orig=0.0in
1900	4	17	6	51	p1day	0	orig=0.0in
1900	4	18	6	51	p1day	0	orig=0.0in
1900	4	19	6	51	p1day	0	orig=0.0in
1900	4	20	6	51	p1day	0	orig=0.0in
1900	4	21	6	51	p1day	0	orig=0.0in
1900	4	22	6	51	p1day	0	orig=0.0in
1900	4	23	6	51	p1day	1.02	orig=0.04in
1900	4	24	6	51	p1day	0	orig=0.0in
1900	4	25	6	51	p1day	1.02	orig=0.04in
1900	4	26	6	51	p1day	1.02	orig=0.04in
1900	4	27	6	51	p1day	0	orig=0.0in
1900	4	28	6	51	p1day	0	orig=0.0in
1900	4	29	6	51	p1day	0	orig=0.0in
1900	4	30	6	51	p1day	0	orig=0.0in
1900	5	1	6	51	p1day	0	orig=0.0in
1900	5	2	6	51	p1day	0	orig=0.0in
1900	5	3	6	51	p1day	0	orig=0.0in
1900	5	4	6	51	p1day	1.02	orig=0.04in
1900	5	5	6	51	p1day	0	orig=0.0in
1900	5	6	6	51	p1day	0	orig=0.0in
1900	5	7	6	51	p1day	6.1	orig=0.24in
1900	5	9	6	51	p1day	13.97	orig=0.55in
1900	5	10	6	51	p1day	0	orig=0.0in
1900	5	11	6	51	p1day	0	orig=0.0in
1900	5	12	6	51	p1day	0	orig=0.0in
1900	5	13	6	51	p1day	0	orig=0.0in
1900	5	14	6	51	p1day	0	orig=0.0in
1900	5	15	6	51	p1day	0	orig=0.0in
1900	5	16	6	51	p1day	0	orig=0.0in
1900	5	17	6	51	p1day	0	orig=0.0in
1900	5	19	6	51	p1day	0	orig=0.0in
1900	5	20	6	51	p1day	0	orig=0.0in
1900	5	21	6	51	p1day	0	orig=0.0in
1900	5	22	6	51	p1day	0	orig=0.0in
1900	5	23	6	51	p1day	8.13	orig=0.32in
1900	5	24	6	51	p1day	5.08	orig=0.2in
1900	5	25	6	51	p1day	0	orig=0.0in
1900	5	26	6	51	p1day	0	orig=0.0in
1900	5	27	6	51	p1day	0	orig=0.0in
1900	5	28	6	51	p1day	0	orig=0.0in
1900	5	29	6	51	p1day	0	orig=0.0in
1900	5	30	6	51	p1day	0	orig=0.0in
1900	5	31	6	51	p1day	0	orig=0.0in
1900	6	2	6	51	p1day	10.92	orig=0.43in
1900	6	3	6	51	p1day	0	orig=0.0in
1900	6	4	6	51	p1day	0	orig=0.0in
1900	6	5	6	51	p1day	0	orig=0.0in
1900	6	6	6	51	p1day	0	orig=0.0in
1900	6	7	6	51	p1day	0	orig=0.0in
1900	6	8	6	51	p1day	3.05	orig=0.12in
1900	6	9	6	51	p1day	0	orig=0.0in
1900	6	10	6	51	p1day	0	orig=0.0in
1900	6	11	6	51	p1day	0	orig=0.0in
1900	6	12	6	51	p1day	0	orig=0.0in
1900	6	13	6	51	p1day	14.99	orig=0.59in
1900	6	14	6	51	p1day	0	orig=0.0in
1900	6	15	6	51	p1day	9.91	orig=0.39in
1900	6	16	6	51	p1day	2.03	orig=0.08in
1900	6	17	6	51	p1day	0	orig=0.0in
1900	6	18	6	51	p1day	0	orig=0.0in
1900	6	19	6	51	p1day	0	orig=0.0in
1900	6	20	6	51	p1day	11.94	orig=0.47in
1900	6	21	6	51	p1day	0	orig=0.0in
1900	6	22	6	51	p1day	19.05	orig=0.75in
1900	6	23	6	51	p1day	2.03	orig=0.08in
1900	6	24	6	51	p1day	3.05	orig=0.12in
1900	6	25	6	51	p1day	3.05	orig=0.12in
1900	6	26	6	51	p1day	4.06	orig=0.16in
1900	6	27	6	51	p1day	0	orig=0.0in
1900	6	28	6	51	p1day	0	orig=0.0in
1900	6	29	6	51	p1day	0	orig=0.0in
1900	6	30	6	51	p1day	0	orig=0.0in
1900	7	1	6	51	p1day	2.03	orig=0.08in
1900	7	2	6	51	p1day	10.92	orig=0.43in
1900	7	3	6	51	p1day	4.06	orig=0.16in
1900	7	4	6	51	p1day	0	orig=0.0in
1900	7	5	6	51	p1day	0	orig=0.0in
1900	7	6	6	51	p1day	3.05	orig=0.12in
1900	7	7	6	51	p1day	0	orig=0.0in
1900	7	8	6	51	p1day	0	orig=0.0in
1900	7	9	6	51	p1day	0	orig=0.0in
1900	7	10	6	51	p1day	0	orig=0.0in
1900	7	11	6	51	p1day	0	orig=0.0in
1900	7	12	6	51	p1day	0	orig=0.0in
1900	7	13	6	51	p1day	0	orig=0.0in
1900	7	14	6	51	p1day	0	orig=0.0in
1900	7	15	6	51	p1day	0	orig=0.0in
1900	7	16	6	51	p1day	0	orig=0.0in
1900	7	17	6	51	p1day	0	orig=0.0in
1900	7	18	6	51	p1day	0	orig=0.0in
1900	7	19	6	51	p1day	0	orig=0.0in
1900	7	20	6	51	p1day	0	orig=0.0in
1900	7	21	6	51	p1day	0	orig=0.0in
1900	7	22	6	51	p1day	0	orig=0.0in
1900	7	23	6	51	p1day	0	orig=0.0in
1900	7	24	6	51	p1day	0	orig=0.0in
1900	7	25	6	51	p1day	0	orig=0.0in
1900	7	26	6	51	p1day	0	orig=0.0in
1900	7	27	6	51	p1day	0	orig=0.0in
1900	7	28	6	51	p1day	3.05	orig=0.12in
1900	7	29	6	51	p1day	0	orig=0.0in
1900	7	30	6	51	p1day	9.91	orig=0.39in
1900	7	31	6	51	p1day	0	orig=0.0in
1900	8	1	6	51	p1day	0	orig=0.0in
1900	8	2	6	51	p1day	3.05	orig=0.12in
1900	8	3	6	51	p1day	5.08	orig=0.2in
1900	8	4	6	51	p1day	7.11	orig=0.28in
1900	8	5	6	51	p1day	0	orig=0.0in
1900	8	6	6	51	p1day	0	orig=0.0in
1900	8	7	6	51	p1day	8.13	orig=0.32in
1900	8	8	6	51	p1day	5.08	orig=0.2in
1900	8	9	6	51	p1day	0	orig=0.0in
1900	8	10	6	51	p1day	8.89	orig=0.35in
1900	8	11	6	51	p1day	0	orig=0.0in
1900	8	12	6	51	p1day	0	orig=0.0in
1900	8	13	6	51	p1day	0	orig=0.0in
1900	8	14	6	51	p1day	0	orig=0.0in
1900	8	15	6	51	p1day	0	orig=0.0in
1900	8	16	6	51	p1day	0	orig=0.0in
1900	8	17	6	51	p1day	0	orig=0.0in
1900	8	18	6	51	p1day	0	orig=0.0in
1900	8	19	6	51	p1day	0	orig=0.0in
1900	8	20	6	51	p1day	1.02	orig=0.04in
1900	8	21	6	51	p1day	5.08	orig=0.2in
1900	8	22	6	51	p1day	3.05	orig=0.12in
1900	8	23	6	51	p1day	2.03	orig=0.08in
1900	8	24	6	51	p1day	0	orig=0.0in
1900	8	25	6	51	p1day	0	orig=0.0in
1900	8	26	6	51	p1day	0	orig=0.0in
1900	8	27	6	51	p1day	0	orig=0.0in
1900	8	29	6	51	p1day	2.03	orig=0.08in
1900	8	30	6	51	p1day	0	orig=0.0in
1900	8	31	6	51	p1day	0	orig=0.0in
1900	9	1	6	51	p1day	0	orig=0.0in
1900	9	2	6	51	p1day	19.05	orig=0.75in
1900	9	3	6	51	p1day	1.02	orig=0.04in
1900	9	4	6	51	p1day	0	orig=0.0in
1900	9	5	6	51	p1day	0	orig=0.0in
1900	9	7	6	51	p1day	0	orig=0.0in
1900	9	8	6	51	p1day	0	orig=0.0in
1900	9	9	6	51	p1day	0	orig=0.0in
1900	9	10	6	51	p1day	0	orig=0.0in
1900	9	11	6	51	p1day	0	orig=0.0in
1900	9	12	6	51	p1day	0	orig=0.0in
1900	9	13	6	51	p1day	0	orig=0.0in
1900	9	14	6	51	p1day	0	orig=0.0in
1900	9	15	6	51	p1day	0	orig=0.0in
1900	9	16	6	51	p1day	0	orig=0.0in
1900	9	17	6	51	p1day	0	orig=0.0in
1900	9	18	6	51	p1day	0	orig=0.0in
1900	9	19	6	51	p1day	3.05	orig=0.12in
1900	9	20	6	51	p1day	0	orig=0.0in
1900	9	21	6	51	p1day	0	orig=0.0in
1900	9	22	6	51	p1day	0	orig=0.0in
1900	9	23	6	51	p1day	0	orig=0.0in
1900	9	24	6	51	p1day	0	orig=0.0in
1900	9	25	6	51	p1day	13.97	orig=0.55in
1900	9	26	6	51	p1day	0	orig=0.0in
1900	9	27	6	51	p1day	0	orig=0.0in
1900	9	28	6	51	p1day	12.95	orig=0.51in
1900	9	29	6	51	p1day	3.05	orig=0.12in
1900	9	30	6	51	p1day	0	orig=0.0in
1900	10	1	6	51	p1day	5.08	orig=0.2in
1900	10	2	6	51	p1day	0	orig=0.0in
1900	10	3	6	51	p1day	2.03	orig=0.08in
1900	10	4	6	51	p1day	5.08	orig=0.2in
1900	10	5	6	51	p1day	10.92	orig=0.43in
1900	10	6	6	51	p1day	11.94	orig=0.47in
1900	10	7	6	51	p1day	0	orig=0.0in
1900	10	8	6	51	p1day	0	orig=0.0in
1900	10	9	6	51	p1day	0	orig=0.0in
1900	10	10	6	51	p1day	1.02	orig=0.04in
1900	10	11	6	51	p1day	0	orig=0.0in
1900	10	12	6	51	p1day	0	orig=0.0in
1900	10	13	6	51	p1day	0	orig=0.0in
1900	10	14	6	51	p1day	0	orig=0.0in
1900	10	15	6	51	p1day	3.05	orig=0.12in
1900	10	16	6	51	p1day	0	orig=0.0in
1900	10	17	6	51	p1day	0	orig=0.0in
1900	10	18	6	51	p1day	2.03	orig=0.08in
1900	10	19	6	51	p1day	1.02	orig=0.04in
1900	10	20	6	51	p1day	6.1	orig=0.24in
1900	10	21	6	51	p1day	0	orig=0.0in
1900	10	22	6	51	p1day	26.92	orig=1.06in
1900	10	23	6	51	p1day	13.97	orig=0.55in
1900	10	24	6	51	p1day	0	orig=0.0in
1900	10	25	6	51	p1day	0	orig=0.0in
1900	10	26	6	51	p1day	16	orig=0.63in
1900	10	27	6	51	p1day	6.1	orig=0.24in
1900	10	28	6	51	p1day	1.02	orig=0.04in
1900	10	29	6	51	p1day	8.89	orig=0.35in
1900	10	30	6	51	p1day	17.02	orig=0.67in
1900	10	31	6	51	p1day	14.99	orig=0.59in
1900	11	1	6	51	p1day	0	orig=0.0in
1900	11	2	6	51	p1day	5.08	orig=0.2in
1900	11	3	6	51	p1day	0	orig=0.0in
1900	11	4	6	51	p1day	0	orig=0.0in
1900	11	5	6	51	p1day	1.02	orig=0.04in
1900	11	6	6	51	p1day	0	orig=0.0in
1900	11	7	6	51	p1day	1.02	orig=0.04in
1900	11	8	6	51	p1day	4.06	orig=0.16in
1900	11	9	6	51	p1day	3.05	orig=0.12in
1900	11	10	6	51	p1day	5.08	orig=0.2in
1900	11	12	6	51	p1day	0	orig=0.0in
1900	11	13	6	51	p1day	2.03	orig=0.08in
1900	11	14	6	51	p1day	7.11	orig=0.28in
1900	11	15	6	51	p1day	6.1	orig=0.24in
1900	11	16	6	51	p1day	9.91	orig=0.39in
1900	11	17	6	51	p1day	2.03	orig=0.08in
1900	11	18	6	51	p1day	34.04	orig=1.34in
1900	11	19	6	51	p1day	7.11	orig=0.28in
1900	11	20	6	51	p1day	0	orig=0.0in
1900	11	22	6	51	p1day	1.02	orig=0.04in
1900	11	23	6	51	p1day	0	orig=0.0in
1900	11	24	6	51	p1day	0	orig=0.0in
1900	11	26	6	51	p1day	0	orig=0.0in
1900	11	27	6	51	p1day	2.03	orig=0.08in
1900	11	28	6	51	p1day	0	orig=0.0in
1900	11	29	6	51	p1day	4.06	orig=0.16in
1900	12	1	6	51	p1day	1.02	orig=0.04in
1900	12	3	6	51	p1day	0	orig=0.0in
1900	12	4	6	51	p1day	4.06	orig=0.16in
1900	12	5	6	51	p1day	10.92	orig=0.43in
1900	12	6	6	51	p1day	24.89	orig=0.98in
1900	12	7	6	51	p1day	36.07	orig=1.42in
1900	12	8	6	51	p1day	0	orig=0.0in
1900	12	9	6	51	p1day	0	orig=0.0in
1900	12	10	6	51	p1day	2.03	orig=0.08in
1900	12	11	6	51	p1day	0	orig=0.0in
1900	12	12	6	51	p1day	0	orig=0.0in
1900	12	13	6	51	p1day	4.06	orig=0.16in
1900	12	14	6	51	p1day	3.05	orig=0.12in
1900	12	15	6	51	p1day	0	orig=0.0in
1900	12	16	6	51	p1day	0	orig=0.0in
1900	12	17	6	51	p1day	0	orig=0.0in
1900	12	18	6	51	p1day	0	orig=0.0in
1900	12	19	6	51	p1day	2.03	orig=0.08in
1900	12	20	6	51	p1day	0	orig=0.0in
1900	12	21	6	51	p1day	8.13	orig=0.32in
1900	12	22	6	51	p1day	8.13	orig=0.32in
1900	12	23	6	51	p1day	0	orig=0.0in
1900	12	24	6	51	p1day	1.02	orig=0.04in
1900	12	25	6	51	p1day	0	orig=0.0in
1900	12	26	6	51	p1day	0	orig=0.0in
1900	12	27	6	51	p1day	3.05	orig=0.12in
1900	12	28	6	51	p1day	7.11	orig=0.28in
1900	12	29	6	51	p1day	2.03	orig=0.08in
1900	12	31	6	51	p1day	16	orig=0.63in
1901	1	1	6	51	p1day	3.05	orig=0.12in
1901	1	2	6	51	p1day	0	orig=0.0in
1901	1	3	6	51	p1day	0	orig=0.0in
1901	1	4	6	51	p1day	0	orig=0.0in
1901	1	5	6	51	p1day	0	orig=0.0in
1901	1	6	6	51	p1day	0	orig=0.0in
1901	1	7	6	51	p1day	0	orig=0.0in
1901	1	8	6	51	p1day	0	orig=0.0in
1901	1	10	6	51	p1day	2.03	orig=0.08in
1901	1	11	6	51	p1day	0	orig=0.0in
1901	1	12	6	51	p1day	1.02	orig=0.04in
1901	1	13	6	51	p1day	0	orig=0.0in
1901	1	14	6	51	p1day	0	orig=0.0in
1901	1	15	6	51	p1day	0	orig=0.0in
1901	1	16	6	51	p1day	0	orig=0.0in
1901	1	17	6	51	p1day	0	orig=0.0in
1901	1	18	6	51	p1day	0	orig=0.0in
1901	1	19	6	51	p1day	0	orig=0.0in
1901	1	20	6	51	p1day	5.08	orig=0.2in
1901	1	21	6	51	p1day	1.02	orig=0.04in
1901	1	22	6	51	p1day	0	orig=0.0in
1901	1	23	6	51	p1day	1.02	orig=0.04in
1901	1	24	6	51	p1day	0	orig=0.0in
1901	1	25	6	51	p1day	1.02	orig=0.04in
1901	1	26	6	51	p1day	4.06	orig=0.16in
1901	1	27	6	51	p1day	1.02	orig=0.04in
1901	1	28	6	51	p1day	3.05	orig=0.12in
1901	1	29	6	51	p1day	1.02	orig=0.04in
1901	1	30	6	51	p1day	0	orig=0.0in
1901	1	31	6	51	p1day	0	orig=0.0in
1901	2	1	6	51	p1day	0	orig=0.0in
1901	2	3	6	51	p1day	0	orig=0.0in
1901	2	4	6	51	p1day	0	orig=0.0in
1901	2	5	6	51	p1day	3.05	orig=0.12in
1901	2	6	6	51	p1day	11.94	orig=0.47in
1901	2	7	6	51	p1day	1.02	orig=0.04in
1901	2	8	6	51	p1day	8.89	orig=0.35in
1901	2	9	6	51	p1day	0	orig=0.0in
1901	2	10	6	51	p1day	0	orig=0.0in
1901	2	12	6	51	p1day	0	orig=0.0in
1901	2	13	6	51	p1day	0	orig=0.0in
1901	2	14	6	51	p1day	0	orig=0.0in
1901	2	15	6	51	p1day	0	orig=0.0in
1901	2	16	6	51	p1day	0	orig=0.0in
1901	2	17	6	51	p1day	2.03	orig=0.08in
1901	2	18	6	51	p1day	0	orig=0.0in
1901	2	19	6	51	p1day	0	orig=0.0in
1901	2	20	6	51	p1day	0	orig=0.0in
1901	2	21	6	51	p1day	0	orig=0.0in
1901	2	22	6	51	p1day	3.05	orig=0.12in
1901	2	23	6	51	p1day	0	orig=0.0in
1901	2	24	6	51	p1day	2.03	orig=0.08in
1901	2	25	6	51	p1day	0	orig=0.0in
1901	2	26	6	51	p1day	0	orig=0.0in
1901	2	27	6	51	p1day	5.08	orig=0.2in
1901	2	28	6	51	p1day	3.05	orig=0.12in
1901	3	1	6	51	p1day	6.1	orig=0.24in
1901	3	2	6	51	p1day	2.03	orig=0.08in
1901	3	3	6	51	p1day	5.08	orig=0.2in
1901	3	4	6	51	p1day	1.02	orig=0.04in
1901	3	5	6	51	p1day	3.05	orig=0.12in
1901	3	6	6	51	p1day	4.06	orig=0.16in
1901	3	7	6	51	p1day	6.1	orig=0.24in
1901	3	9	6	51	p1day	0	orig=0.0in
1901	3	10	6	51	p1day	0	orig=0.0in
1901	3	11	6	51	p1day	0	orig=0.0in
1901	3	12	6	51	p1day	0	orig=0.0in
1901	3	13	6	51	p1day	0	orig=0.0in
1901	3	14	6	51	p1day	0	orig=0.0in
1901	3	15	6	51	p1day	0	orig=0.0in
1901	3	16	6	51	p1day	8.13	orig=0.32in
1901	3	17	6	51	p1day	0	orig=0.0in
1901	3	18	6	51	p1day	0	orig=0.0in
1901	3	19	6	51	p1day	0	orig=0.0in
1901	3	21	6	51	p1day	5.08	orig=0.2in
1901	3	22	6	51	p1day	0	orig=0.0in
1901	3	23	6	51	p1day	0	orig=0.0in
1901	3	24	6	51	p1day	0	orig=0.0in
1901	3	25	6	51	p1day	0	orig=0.0in
1901	3	26	6	51	p1day	0	orig=0.0in
1901	3	28	6	51	p1day	0	orig=0.0in
1901	3	29	6	51	p1day	0	orig=0.0in
1901	3	30	6	51	p1day	0	orig=0.0in
1901	3	31	6	51	p1day	4.06	orig=0.16in
1901	4	1	6	51	p1day	5.08	orig=0.2in
1901	4	2	6	51	p1day	0	orig=0.0in
1901	4	3	6	51	p1day	0	orig=0.0in
1901	4	4	6	51	p1day	17.02	orig=0.67in
1901	4	5	6	51	p1day	1.02	orig=0.04in
1901	4	6	6	51	p1day	0	orig=0.0in
1901	4	7	6	51	p1day	3.05	orig=0.12in
1901	4	8	6	51	p1day	0	orig=0.0in
1901	4	9	6	51	p1day	4.06	orig=0.16in
1901	4	10	6	51	p1day	3.05	orig=0.12in
1901	4	11	6	51	p1day	1.02	orig=0.04in
1901	4	13	6	51	p1day	0	orig=0.0in
1901	4	14	6	51	p1day	7.11	orig=0.28in
1901	4	16	6	51	p1day	4.06	orig=0.16in
1901	4	17	6	51	p1day	8.89	orig=0.35in
1901	4	18	6	51	p1day	0	orig=0.0in
1901	4	19	6	51	p1day	0	orig=0.0in
1901	4	20	6	51	p1day	0	orig=0.0in
1901	4	21	6	51	p1day	0	orig=0.0in
1901	4	22	6	51	p1day	0	orig=0.0in
1901	4	23	6	51	p1day	0	orig=0.0in
1901	4	24	6	51	p1day	0	orig=0.0in
1901	4	25	6	51	p1day	0	orig=0.0in
1901	4	26	6	51	p1day	0	orig=0.0in
1901	4	27	6	51	p1day	0	orig=0.0in
1901	4	28	6	51	p1day	0	orig=0.0in
1901	4	29	6	51	p1day	0	orig=0.0in
1901	4	30	6	51	p1day	6.1	orig=0.24in
1901	5	1	6	51	p1day	0	orig=0.0in
1901	5	2	6	51	p1day	0	orig=0.0in
1901	5	3	6	51	p1day	0	orig=0.0in
1901	5	4	6	51	p1day	0	orig=0.0in
1901	5	5	6	51	p1day	0	orig=0.0in
1901	5	6	6	51	p1day	2.03	orig=0.08in
1901	5	7	6	51	p1day	13.97	orig=0.55in
1901	5	8	6	51	p1day	8.89	orig=0.35in
1901	5	9	6	51	p1day	8.13	orig=0.32in
1901	5	10	6	51	p1day	0	orig=0.0in
1901	5	11	6	51	p1day	1.02	orig=0.04in
1901	5	12	6	51	p1day	0	orig=0.0in
1901	5	13	6	51	p1day	0	orig=0.0in
1901	5	14	6	51	p1day	0	orig=0.0in
1901	5	15	6	51	p1day	0	orig=0.0in
1901	5	16	6	51	p1day	0	orig=0.0in
1901	5	17	6	51	p1day	0	orig=0.0in
1901	5	18	6	51	p1day	0	orig=0.0in
1901	5	19	6	51	p1day	0	orig=0.0in
1901	5	21	6	51	p1day	0	orig=0.0in
1901	5	22	6	51	p1day	0	orig=0.0in
1901	5	23	6	51	p1day	0	orig=0.0in
1901	5	24	6	51	p1day	0	orig=0.0in
1901	5	25	6	51	p1day	0	orig=0.0in
1901	5	26	6	51	p1day	0	orig=0.0in
1901	5	27	6	51	p1day	0	orig=0.0in
1901	5	28	6	51	p1day	0	orig=0.0in
1901	5	29	6	51	p1day	0	orig=0.0in
1901	5	30	6	51	p1day	18.03	orig=0.71in
1901	5	31	6	51	p1day	0	orig=0.0in
1901	6	1	6	51	p1day	2.03	orig=0.08in
1901	6	2	6	51	p1day	2.03	orig=0.08in
1901	6	3	6	51	p1day	0	orig=0.0in
1901	6	4	6	51	p1day	0	orig=0.0in
1901	6	5	6	51	p1day	0	orig=0.0in
1901	6	6	6	51	p1day	0	orig=0.0in
1901	6	7	6	51	p1day	0	orig=0.0in
1901	6	8	6	51	p1day	0	orig=0.0in
1901	6	9	6	51	p1day	0	orig=0.0in
1901	6	10	6	51	p1day	0	orig=0.0in
1901	6	11	6	51	p1day	0	orig=0.0in
1901	6	12	6	51	p1day	0	orig=0.0in
1901	6	13	6	51	p1day	3.05	orig=0.12in
1901	6	14	6	51	p1day	0	orig=0.0in
1901	6	15	6	51	p1day	0	orig=0.0in
1901	6	16	6	51	p1day	0	orig=0.0in
1901	6	17	6	51	p1day	0	orig=0.0in
1901	6	18	6	51	p1day	0	orig=0.0in
1901	6	19	6	51	p1day	2.03	orig=0.08in
1901	6	20	6	51	p1day	0	orig=0.0in
1901	6	21	6	51	p1day	1.02	orig=0.04in
1901	6	22	6	51	p1day	4.06	orig=0.16in
1901	6	23	6	51	p1day	0	orig=0.0in
1901	6	24	6	51	p1day	0	orig=0.0in
1901	6	25	6	51	p1day	0	orig=0.0in
1901	6	26	6	51	p1day	0	orig=0.0in
1901	6	27	6	51	p1day	0	orig=0.0in
1901	6	28	6	51	p1day	0	orig=0.0in
1901	6	29	6	51	p1day	0	orig=0.0in
1901	6	30	6	51	p1day	2.03	orig=0.08in
1901	7	1	6	51	p1day	6.1	orig=0.24in
1901	7	2	6	51	p1day	0	orig=0.0in
1901	7	3	6	51	p1day	6.1	orig=0.24in
1901	7	4	6	51	p1day	0	orig=0.0in
1901	7	5	6	51	p1day	0	orig=0.0in
1901	7	6	6	51	p1day	0	orig=0.0in
1901	7	7	6	51	p1day	0	orig=0.0in
1901	7	8	6	51	p1day	0	orig=0.0in
1901	7	9	6	51	p1day	0	orig=0.0in
1901	7	10	6	51	p1day	0	orig=0.0in
1901	7	11	6	51	p1day	0	orig=0.0in
1901	7	12	6	51	p1day	0	orig=0.0in
1901	7	13	6	51	p1day	9.91	orig=0.39in
1901	7	14	6	51	p1day	6.1	orig=0.24in
1901	7	15	6	51	p1day	0	orig=0.0in
1901	7	16	6	51	p1day	0	orig=0.0in
1901	7	17	6	51	p1day	0	orig=0.0in
1901	7	18	6	51	p1day	0	orig=0.0in
1901	7	19	6	51	p1day	0	orig=0.0in
1901	7	20	6	51	p1day	0	orig=0.0in
1901	7	21	6	51	p1day	0	orig=0.0in
1901	7	23	6	51	p1day	0	orig=0.0in
1901	7	24	6	51	p1day	0	orig=0.0in
1901	7	25	6	51	p1day	17.02	orig=0.67in
1901	7	26	6	51	p1day	11.94	orig=0.47in
1901	7	27	6	51	p1day	2.03	orig=0.08in
1901	7	28	6	51	p1day	0	orig=0.0in
1901	7	29	6	51	p1day	0	orig=0.0in
1901	7	30	6	51	p1day	2.03	orig=0.08in
1901	7	31	6	51	p1day	0	orig=0.0in
1901	8	1	6	51	p1day	0	orig=0.0in
1901	8	2	6	51	p1day	0	orig=0.0in
1901	8	3	6	51	p1day	0	orig=0.0in
1901	8	4	6	51	p1day	0	orig=0.0in
1901	8	5	6	51	p1day	0	orig=0.0in
1901	8	6	6	51	p1day	2.03	orig=0.08in
1901	8	7	6	51	p1day	0	orig=0.0in
1901	8	8	6	51	p1day	0	orig=0.0in
1901	8	9	6	51	p1day	0	orig=0.0in
1901	8	10	6	51	p1day	0	orig=0.0in
1901	8	11	6	51	p1day	0	orig=0.0in
1901	8	12	6	51	p1day	0	orig=0.0in
1901	8	13	6	51	p1day	0	orig=0.0in
1901	8	14	6	51	p1day	0	orig=0.0in
1901	8	15	6	51	p1day	5.08	orig=0.2in
1901	8	16	6	51	p1day	6.1	orig=0.24in
1901	8	17	6	51	p1day	0	orig=0.0in
1901	8	18	6	51	p1day	0	orig=0.0in
1901	8	19	6	51	p1day	0	orig=0.0in
1901	8	20	6	51	p1day	0	orig=0.0in
1901	8	21	6	51	p1day	0	orig=0.0in
1901	8	22	6	51	p1day	0	orig=0.0in
1901	8	23	6	51	p1day	0	orig=0.0in
1901	8	24	6	51	p1day	0	orig=0.0in
1901	8	25	6	51	p1day	0	orig=0.0in
1901	8	26	6	51	p1day	2.03	orig=0.08in
1901	8	27	6	51	p1day	0	orig=0.0in
1901	8	28	6	51	p1day	22.1	orig=0.87in
1901	8	29	6	51	p1day	0	orig=0.0in
1901	8	30	6	51	p1day	0	orig=0.0in
1901	8	31	6	51	p1day	0	orig=0.0in
1901	9	1	6	51	p1day	4.06	orig=0.16in
1901	9	2	6	51	p1day	0	orig=0.0in
1901	9	3	6	51	p1day	0	orig=0.0in
1901	9	4	6	51	p1day	0	orig=0.0in
1901	9	6	6	51	p1day	0	orig=0.0in
1901	9	7	6	51	p1day	0	orig=0.0in
1901	9	8	6	51	p1day	0	orig=0.0in
1901	9	9	6	51	p1day	2.03	orig=0.08in
1901	9	10	6	51	p1day	0	orig=0.0in
1901	9	11	6	51	p1day	0	orig=0.0in
1901	9	12	6	51	p1day	3.05	orig=0.12in
1901	9	13	6	51	p1day	0	orig=0.0in
1901	9	14	6	51	p1day	0	orig=0.0in
1901	9	15	6	51	p1day	0	orig=0.0in
1901	9	16	6	51	p1day	0	orig=0.0in
1901	9	17	6	51	p1day	5.08	orig=0.2in
1901	9	18	6	51	p1day	10.92	orig=0.43in
1901	9	19	6	51	p1day	0	orig=0.0in
1901	9	20	6	51	p1day	0	orig=0.0in
1901	9	21	6	51	p1day	2.03	orig=0.08in
1901	9	22	6	51	p1day	6.1	orig=0.24in
1901	9	23	6	51	p1day	0	orig=0.0in
1901	9	24	6	51	p1day	0	orig=0.0in
1901	9	25	6	51	p1day	0	orig=0.0in
1901	9	26	6	51	p1day	0	orig=0.0in
1901	9	27	6	51	p1day	0	orig=0.0in
1901	9	28	6	51	p1day	0	orig=0.0in
1901	9	29	6	51	p1day	0	orig=0.0in
1901	9	30	6	51	p1day	0	orig=0.0in
1901	10	1	6	51	p1day	0	orig=0.0in
1901	10	2	6	51	p1day	1.02	orig=0.04in
1901	10	3	6	51	p1day	4.06	orig=0.16in
1901	10	4	6	51	p1day	0	orig=0.0in
1901	10	5	6	51	p1day	0	orig=0.0in
1901	10	6	6	51	p1day	0	orig=0.0in
1901	10	7	6	51	p1day	13.97	orig=0.55in
1901	10	8	6	51	p1day	0	orig=0.0in
1901	10	10	6	51	p1day	0	orig=0.0in
1901	10	11	6	51	p1day	0	orig=0.0in
1901	10	12	6	51	p1day	0	orig=0.0in
1901	10	13	6	51	p1day	0	orig=0.0in
1901	10	14	6	51	p1day	0	orig=0.0in
1901	10	15	6	51	p1day	0	orig=0.0in
1901	10	16	6	51	p1day	1.02	orig=0.04in
1901	10	17	6	51	p1day	3.05	orig=0.12in
1901	10	18	6	51	p1day	2.03	orig=0.08in
1901	10	19	6	51	p1day	3.05	orig=0.12in
1901	10	20	6	51	p1day	0	orig=0.0in
1901	10	21	6	51	p1day	0	orig=0.0in
1901	10	22	6	51	p1day	8.13	orig=0.32in
1901	10	23	6	51	p1day	0	orig=0.0in
1901	10	24	6	51	p1day	0	orig=0.0in
1901	10	26	6	51	p1day	0	orig=0.0in
1901	10	27	6	51	p1day	0	orig=0.0in
1901	10	28	6	51	p1day	0	orig=0.0in
1901	10	29	6	51	p1day	0	orig=0.0in
1901	10	30	6	51	p1day	0	orig=0.0in
1901	10	31	6	51	p1day	0	orig=0.0in
1901	11	1	6	51	p1day	0	orig=0.0in
1901	11	2	6	51	p1day	0	orig=0.0in
1901	11	3	6	51	p1day	0	orig=0.0in
1901	11	4	6	51	p1day	0	orig=0.0in
1901	11	5	6	51	p1day	0	orig=0.0in
1901	11	7	6	51	p1day	0	orig=0.0in
1901	11	8	6	51	p1day	0	orig=0.0in
1901	11	9	6	51	p1day	0	orig=0.0in
1901	11	10	6	51	p1day	0	orig=0.0in
1901	11	11	6	51	p1day	0	orig=0.0in
1901	11	12	6	51	p1day	10.92	orig=0.43in
1901	11	13	6	51	p1day	8.89	orig=0.35in
1901	11	14	6	51	p1day	6.1	orig=0.24in
1901	11	15	6	51	p1day	0	orig=0.0in
1901	11	16	6	51	p1day	0	orig=0.0in
1901	11	17	6	51	p1day	0	orig=0.0in
1901	11	18	6	51	p1day	0	orig=0.0in
1901	11	19	6	51	p1day	5.08	orig=0.2in
1901	11	20	6	51	p1day	0	orig=0.0in
1901	11	21	6	51	p1day	0	orig=0.0in
1901	11	23	6	51	p1day	4.06	orig=0.16in
1901	11	24	6	51	p1day	0	orig=0.0in
1901	11	25	6	51	p1day	0	orig=0.0in
1901	11	26	6	51	p1day	4.06	orig=0.16in
1901	11	27	6	51	p1day	9.91	orig=0.39in
1901	11	28	6	51	p1day	0	orig=0.0in
1901	11	29	6	51	p1day	0	orig=0.0in
1901	11	30	6	51	p1day	0	orig=0.0in
1901	12	1	6	51	p1day	0	orig=0.0in
1901	12	2	6	51	p1day	0	orig=0.0in
1901	12	3	6	51	p1day	0	orig=0.0in
1901	12	4	6	51	p1day	0	orig=0.0in
1901	12	5	6	51	p1day	0	orig=0.0in
1901	12	6	6	51	p1day	3.05	orig=0.12in
1901	12	7	6	51	p1day	0	orig=0.0in
1901	12	8	6	51	p1day	8.13	orig=0.32in
1901	12	9	6	51	p1day	22.1	orig=0.87in
1901	12	10	6	51	p1day	6.1	orig=0.24in
1901	12	11	6	51	p1day	0	orig=0.0in
1901	12	12	6	51	p1day	0	orig=0.0in
1901	12	13	6	51	p1day	27.94	orig=1.1in
1901	12	14	6	51	p1day	8.13	orig=0.32in
1901	12	15	6	51	p1day	24.13	orig=0.95in
1901	12	16	6	51	p1day	4.06	orig=0.16in
1901	12	17	6	51	p1day	0	orig=0.0in
1901	12	18	6	51	p1day	5.08	orig=0.2in
1901	12	19	6	51	p1day	3.05	orig=0.12in
1901	12	20	6	51	p1day	0	orig=0.0in
1901	12	21	6	51	p1day	0	orig=0.0in
1901	12	22	6	51	p1day	0	orig=0.0in
1901	12	23	6	51	p1day	0	orig=0.0in
1901	12	24	6	51	p1day	4.06	orig=0.16in
1901	12	25	6	51	p1day	20.07	orig=0.79in
1901	12	26	6	51	p1day	6.1	orig=0.24in
1901	12	27	6	51	p1day	0	orig=0.0in
1901	12	28	6	51	p1day	0	orig=0.0in
1901	12	29	6	51	p1day	10.92	orig=0.43in
1901	12	30	6	51	p1day	6.1	orig=0.24in
1901	12	31	6	51	p1day	7.11	orig=0.28in
1902	1	1	6	51	p1day	1.02	orig=0.04in
1902	1	2	6	51	p1day	8.89	orig=0.35in
1902	1	3	6	51	p1day	0	orig=0.0in
1902	1	4	6	51	p1day	3.05	orig=0.12in
1902	1	5	6	51	p1day	8.13	orig=0.32in
1902	1	6	6	51	p1day	0	orig=0.0in
1902	1	7	6	51	p1day	0	orig=0.0in
1902	1	8	6	51	p1day	0	orig=0.0in
1902	1	9	6	51	p1day	0	orig=0.0in
1902	1	10	6	51	p1day	0	orig=0.0in
1902	1	11	6	51	p1day	2.03	orig=0.08in
1902	1	12	6	51	p1day	1.02	orig=0.04in
1902	1	13	6	51	p1day	0	orig=0.0in
1902	1	14	6	51	p1day	0	orig=0.0in
1902	1	15	6	51	p1day	0	orig=0.0in
1902	1	16	6	51	p1day	0	orig=0.0in
1902	1	17	6	51	p1day	0	orig=0.0in
1902	1	18	6	51	p1day	0	orig=0.0in
1902	1	19	6	51	p1day	0	orig=0.0in
1902	1	20	6	51	p1day	0	orig=0.0in
1902	1	21	6	51	p1day	0	orig=0.0in
1902	1	22	6	51	p1day	0	orig=0.0in
1902	1	23	6	51	p1day	0	orig=0.0in
1902	1	24	6	51	p1day	0	orig=0.0in
1902	1	25	6	51	p1day	19.05	orig=0.75in
1902	1	26	6	51	p1day	0	orig=0.0in
1902	1	27	6	51	p1day	3.05	orig=0.12in
1902	1	28	6	51	p1day	8.89	orig=0.35in
1902	1	29	6	51	p1day	7.11	orig=0.28in
1902	1	30	6	51	p1day	1.02	orig=0.04in
1902	1	31	6	51	p1day	8.89	orig=0.35in
1902	2	1	6	51	p1day	0	orig=0.0in
1902	2	2	6	51	p1day	0	orig=0.0in
1902	2	4	6	51	p1day	0	orig=0.0in
1902	2	5	6	51	p1day	0	orig=0.0in
1902	2	6	6	51	p1day	0	orig=0.0in
1902	2	7	6	51	p1day	11.94	orig=0.47in
1902	2	8	6	51	p1day	2.03	orig=0.08in
1902	2	9	6	51	p1day	9.91	orig=0.39in
1902	2	10	6	51	p1day	0	orig=0.0in
1902	2	11	6	51	p1day	0	orig=0.0in
1902	2	12	6	51	p1day	0	orig=0.0in
1902	2	13	6	51	p1day	0	orig=0.0in
1902	2	14	6	51	p1day	0	orig=0.0in
1902	2	15	6	51	p1day	0	orig=0.0in
1902	2	16	6	51	p1day	0	orig=0.0in
1902	2	17	6	51	p1day	0	orig=0.0in
1902	2	18	6	51	p1day	0	orig=0.0in
1902	2	19	6	51	p1day	0	orig=0.0in
1902	2	20	6	51	p1day	0	orig=0.0in
1902	2	21	6	51	p1day	0	orig=0.0in
1902	2	22	6	51	p1day	0	orig=0.0in
1902	2	23	6	51	p1day	2.03	orig=0.08in
1902	2	24	6	51	p1day	0	orig=0.0in
1902	2	25	6	51	p1day	6.1	orig=0.24in
1902	2	26	6	51	p1day	0	orig=0.0in
1902	2	27	6	51	p1day	4.06	orig=0.16in
1902	2	28	6	51	p1day	0	orig=0.0in
1902	3	1	6	51	p1day	0	orig=0.0in
1902	3	2	6	51	p1day	0	orig=0.0in
1902	3	3	6	51	p1day	0	orig=0.0in
1902	3	4	6	51	p1day	0	orig=0.0in
1902	3	5	6	51	p1day	0	orig=0.0in
1902	3	6	6	51	p1day	0	orig=0.0in
1902	3	7	6	51	p1day	0	orig=0.0in
1902	3	8	6	51	p1day	0	orig=0.0in
1902	3	9	6	51	p1day	0	orig=0.0in
1902	3	10	6	51	p1day	1.02	orig=0.04in
1902	3	11	6	51	p1day	0	orig=0.0in
1902	3	12	6	51	p1day	0	orig=0.0in
1902	3	13	6	51	p1day	6.1	orig=0.24in
1902	3	14	6	51	p1day	0	orig=0.0in
1902	3	15	6	51	p1day	12.95	orig=0.51in
1902	3	16	6	51	p1day	0	orig=0.0in
1902	3	17	6	51	p1day	0	orig=0.0in
1902	3	18	6	51	p1day	2.03	orig=0.08in
1902	3	19	6	51	p1day	0	orig=0.0in
1902	3	20	6	51	p1day	0	orig=0.0in
1902	3	21	6	51	p1day	4.06	orig=0.16in
1902	3	22	6	51	p1day	2.03	orig=0.08in
1902	3	23	6	51	p1day	1.02	orig=0.04in
1902	3	24	6	51	p1day	0	orig=0.0in
1902	3	25	6	51	p1day	6.1	orig=0.24in
1902	3	26	6	51	p1day	0	orig=0.0in
1902	3	27	6	51	p1day	7.11	orig=0.28in
1902	3	28	6	51	p1day	0	orig=0.0in
1902	3	29	6	51	p1day	0	orig=0.0in
1902	3	30	6	51	p1day	0	orig=0.0in
1902	3	31	6	51	p1day	0	orig=0.0in
1902	4	1	6	51	p1day	0	orig=0.0in
1902	4	2	6	51	p1day	0	orig=0.0in
1902	4	3	6	51	p1day	0	orig=0.0in
1902	4	4	6	51	p1day	6.1	orig=0.24in
1902	4	5	6	51	p1day	0	orig=0.0in
1902	4	6	6	51	p1day	2.03	orig=0.08in
1902	4	7	6	51	p1day	0	orig=0.0in
1902	4	8	6	51	p1day	0	orig=0.0in
1902	4	9	6	51	p1day	0	orig=0.0in
1902	4	10	6	51	p1day	0	orig=0.0in
1902	4	11	6	51	p1day	0	orig=0.0in
1902	4	12	6	51	p1day	1.02	orig=0.04in
1902	4	13	6	51	p1day	0	orig=0.0in
1902	4	14	6	51	p1day	0	orig=0.0in
1902	4	16	6	51	p1day	0	orig=0.0in
1902	4	17	6	51	p1day	0	orig=0.0in
1902	4	18	6	51	p1day	0	orig=0.0in
1902	4	19	6	51	p1day	0	orig=0.0in
1902	4	20	6	51	p1day	2.03	orig=0.08in
1902	4	21	6	51	p1day	2.03	orig=0.08in
1902	4	22	6	51	p1day	0	orig=0.0in
1902	4	24	6	51	p1day	0	orig=0.0in
1902	4	25	6	51	p1day	0	orig=0.0in
1902	4	26	6	51	p1day	0	orig=0.0in
1902	4	27	6	51	p1day	0	orig=0.0in
1902	4	28	6	51	p1day	0	orig=0.0in
1902	4	29	6	51	p1day	0	orig=0.0in
1902	4	30	6	51	p1day	0	orig=0.0in
1902	5	1	6	51	p1day	0	orig=0.0in
1902	5	2	6	51	p1day	0	orig=0.0in
1902	5	3	6	51	p1day	0	orig=0.0in
1902	5	4	6	51	p1day	0	orig=0.0in
1902	5	5	6	51	p1day	2.03	orig=0.08in
1902	5	6	6	51	p1day	4.06	orig=0.16in
1902	5	7	6	51	p1day	1.02	orig=0.04in
1902	5	8	6	51	p1day	1.02	orig=0.04in
1902	5	9	6	51	p1day	1.02	orig=0.04in
1902	5	10	6	51	p1day	2.03	orig=0.08in
1902	5	11	6	51	p1day	0	orig=0.0in
1902	5	12	6	51	p1day	0	orig=0.0in
1902	5	13	6	51	p1day	4.06	orig=0.16in
1902	5	14	6	51	p1day	6.1	orig=0.24in
1902	5	15	6	51	p1day	2.03	orig=0.08in
1902	5	16	6	51	p1day	6.1	orig=0.24in
1902	5	17	6	51	p1day	9.14	orig=0.36in
1902	5	18	6	51	p1day	3.05	orig=0.12in
1902	5	19	6	51	p1day	4.06	orig=0.16in
1902	5	20	6	51	p1day	2.03	orig=0.08in
1902	5	21	6	51	p1day	3.05	orig=0.12in
1902	5	22	6	51	p1day	0	orig=0.0in
1902	5	23	6	51	p1day	9.91	orig=0.39in
1902	5	24	6	51	p1day	1.02	orig=0.04in
1902	5	25	6	51	p1day	0	orig=0.0in
1902	5	26	6	51	p1day	0	orig=0.0in
1902	5	27	6	51	p1day	0	orig=0.0in
1902	5	28	6	51	p1day	0	orig=0.0in
1902	5	29	6	51	p1day	0	orig=0.0in
1902	5	30	6	51	p1day	8.13	orig=0.32in
1902	5	31	6	51	p1day	1.02	orig=0.04in
1902	6	1	6	51	p1day	0	orig=0.0in
1902	6	2	6	51	p1day	2.03	orig=0.08in
1902	6	3	6	51	p1day	0	orig=0.0in
1902	6	4	6	51	p1day	29.97	orig=1.18in
1902	6	5	6	51	p1day	1.02	orig=0.04in
1902	6	6	6	51	p1day	0	orig=0.0in
1902	6	7	6	51	p1day	10.92	orig=0.43in
1902	6	8	6	51	p1day	3.05	orig=0.12in
1902	6	9	6	51	p1day	2.03	orig=0.08in
1902	6	10	6	51	p1day	0	orig=0.0in
1902	6	11	6	51	p1day	0	orig=0.0in
1902	6	12	6	51	p1day	0	orig=0.0in
1902	6	13	6	51	p1day	17.02	orig=0.67in
1902	6	15	6	51	p1day	9.91	orig=0.39in
1902	6	16	6	51	p1day	4.06	orig=0.16in
1902	6	17	6	51	p1day	2.03	orig=0.08in
1902	6	18	6	51	p1day	0	orig=0.0in
1902	6	19	6	51	p1day	0	orig=0.0in
1902	6	20	6	51	p1day	0	orig=0.0in
1902	6	21	6	51	p1day	2.03	orig=0.08in
1902	6	22	6	51	p1day	0	orig=0.0in
1902	6	23	6	51	p1day	0	orig=0.0in
1902	6	24	6	51	p1day	0	orig=0.0in
1902	6	25	6	51	p1day	0	orig=0.0in
1902	6	26	6	51	p1day	0	orig=0.0in
1902	6	27	6	51	p1day	0	orig=0.0in
1902	6	28	6	51	p1day	0	orig=0.0in
1902	6	29	6	51	p1day	0	orig=0.0in
1902	6	30	6	51	p1day	8.13	orig=0.32in
1902	7	1	6	51	p1day	3.05	orig=0.12in
1902	7	2	6	51	p1day	4.06	orig=0.16in
1902	7	3	6	51	p1day	0	orig=0.0in
1902	7	4	6	51	p1day	0	orig=0.0in
1902	7	5	6	51	p1day	0	orig=0.0in
1902	7	6	6	51	p1day	0	orig=0.0in
1902	7	7	6	51	p1day	0	orig=0.0in
1902	7	8	6	51	p1day	0	orig=0.0in
1902	7	9	6	51	p1day	0	orig=0.0in
1902	7	10	6	51	p1day	6.1	orig=0.24in
1902	7	11	6	51	p1day	8.13	orig=0.32in
1902	7	12	6	51	p1day	0	orig=0.0in
1902	7	13	6	51	p1day	0	orig=0.0in
1902	7	14	6	51	p1day	0	orig=0.0in
1902	7	15	6	51	p1day	0	orig=0.0in
1902	7	16	6	51	p1day	0	orig=0.0in
1902	7	17	6	51	p1day	0	orig=0.0in
1902	7	18	6	51	p1day	0	orig=0.0in
1902	7	19	6	51	p1day	0	orig=0.0in
1902	7	20	6	51	p1day	0	orig=0.0in
1902	7	21	6	51	p1day	1.02	orig=0.04in
1902	7	22	6	51	p1day	6.1	orig=0.24in
1902	7	23	6	51	p1day	4.06	orig=0.16in
1902	7	24	6	51	p1day	0	orig=0.0in
1902	7	25	6	51	p1day	0	orig=0.0in
1902	7	26	6	51	p1day	0	orig=0.0in
1902	7	27	6	51	p1day	2.03	orig=0.08in
1902	7	28	6	51	p1day	0	orig=0.0in
1902	7	29	6	51	p1day	0	orig=0.0in
1902	7	30	6	51	p1day	0	orig=0.0in
1902	7	31	6	51	p1day	0	orig=0.0in
1902	8	1	6	51	p1day	0	orig=0.0in
1902	8	2	6	51	p1day	0	orig=0.0in
1902	8	3	6	51	p1day	0	orig=0.0in
1902	8	4	6	51	p1day	2.03	orig=0.08in
1902	8	5	6	51	p1day	1.02	orig=0.04in
1902	8	6	6	51	p1day	2.03	orig=0.08in
1902	8	7	6	51	p1day	6.1	orig=0.24in
1902	8	8	6	51	p1day	0	orig=0.0in
1902	8	9	6	51	p1day	3.05	orig=0.12in
1902	8	10	6	51	p1day	0	orig=0.0in
1902	8	11	6	51	p1day	2.03	orig=0.08in
1902	8	12	6	51	p1day	0	orig=0.0in
1902	8	13	6	51	p1day	0	orig=0.0in
1902	8	14	6	51	p1day	4.06	orig=0.16in
1902	8	15	6	51	p1day	0	orig=0.0in
1902	8	16	6	51	p1day	0	orig=0.0in
1902	8	17	6	51	p1day	5.08	orig=0.2in
1902	8	18	6	51	p1day	6.1	orig=0.24in
1902	8	19	6	51	p1day	8.38	orig=0.33in
1902	8	20	6	51	p1day	6.1	orig=0.24in
1902	8	21	6	51	p1day	0	orig=0.0in
1902	8	22	6	51	p1day	0	orig=0.0in
1902	8	23	6	51	p1day	0	orig=0.0in
1902	8	24	6	51	p1day	10.92	orig=0.43in
1902	8	25	6	51	p1day	4.06	orig=0.16in
1902	8	26	6	51	p1day	1.02	orig=0.04in
1902	8	27	6	51	p1day	0	orig=0.0in
1902	8	28	6	51	p1day	0	orig=0.0in
1902	8	29	6	51	p1day	0	orig=0.0in
1902	8	30	6	51	p1day	6.1	orig=0.24in
1902	8	31	6	51	p1day	5.08	orig=0.2in
1902	9	1	6	51	p1day	11.94	orig=0.47in
1902	9	2	6	51	p1day	0	orig=0.0in
1902	9	3	6	51	p1day	4.06	orig=0.16in
1902	9	4	6	51	p1day	0	orig=0.0in
1902	9	5	6	51	p1day	0	orig=0.0in
1902	9	6	6	51	p1day	0	orig=0.0in
1902	9	7	6	51	p1day	0	orig=0.0in
1902	9	8	6	51	p1day	0	orig=0.0in
1902	9	9	6	51	p1day	0	orig=0.0in
1902	9	10	6	51	p1day	3.05	orig=0.12in
1902	9	11	6	51	p1day	0	orig=0.0in
1902	9	12	6	51	p1day	0	orig=0.0in
1902	9	13	6	51	p1day	0	orig=0.0in
1902	9	14	6	51	p1day	0	orig=0.0in
1902	9	15	6	51	p1day	0	orig=0.0in
1902	9	16	6	51	p1day	0	orig=0.0in
1902	9	17	6	51	p1day	19.05	orig=0.75in
1902	9	18	6	51	p1day	0	orig=0.0in
1902	9	19	6	51	p1day	0	orig=0.0in
1902	9	20	6	51	p1day	0	orig=0.0in
1902	9	21	6	51	p1day	0	orig=0.0in
1902	9	22	6	51	p1day	0	orig=0.0in
1902	9	23	6	51	p1day	0	orig=0.0in
1902	9	24	6	51	p1day	8.13	orig=0.32in
1902	9	25	6	51	p1day	0	orig=0.0in
1902	9	26	6	51	p1day	0	orig=0.0in
1902	9	27	6	51	p1day	0	orig=0.0in
1902	9	28	6	51	p1day	0	orig=0.0in
1902	9	29	6	51	p1day	1.02	orig=0.04in
1902	9	30	6	51	p1day	0	orig=0.0in
1902	10	1	6	51	p1day	1.02	orig=0.04in
1902	10	2	6	51	p1day	13.97	orig=0.55in
1902	10	3	6	51	p1day	0	orig=0.0in
1902	10	4	6	51	p1day	0	orig=0.0in
1902	10	5	6	51	p1day	0	orig=0.0in
1902	10	6	6	51	p1day	0	orig=0.0in
1902	10	7	6	51	p1day	0	orig=0.0in
1902	10	8	6	51	p1day	0	orig=0.0in
1902	10	9	6	51	p1day	0	orig=0.0in
1902	10	10	6	51	p1day	0	orig=0.0in
1902	10	11	6	51	p1day	2.03	orig=0.08in
1902	10	12	6	51	p1day	8.89	orig=0.35in
1902	10	13	6	51	p1day	0	orig=0.0in
1902	10	14	6	51	p1day	0	orig=0.0in
1902	10	15	6	51	p1day	2.03	orig=0.08in
1902	10	16	6	51	p1day	25.91	orig=1.02in
1902	10	17	6	51	p1day	0	orig=0.0in
1902	10	18	6	51	p1day	3.05	orig=0.12in
1902	10	19	6	51	p1day	4.06	orig=0.16in
1902	10	20	6	51	p1day	3.05	orig=0.12in
1902	10	21	6	51	p1day	16	orig=0.63in
1902	10	22	6	51	p1day	0	orig=0.0in
1902	10	23	6	51	p1day	17.02	orig=0.67in
1902	10	24	6	51	p1day	0	orig=0.0in
1902	10	25	6	51	p1day	0	orig=0.0in
1902	10	26	6	51	p1day	0	orig=0.0in
1902	10	27	6	51	p1day	0	orig=0.0in
1902	10	28	6	51	p1day	0	orig=0.0in
1902	10	29	6	51	p1day	0	orig=0.0in
1902	10	30	6	51	p1day	0	orig=0.0in
1902	10	31	6	51	p1day	2.03	orig=0.08in
1902	11	1	6	51	p1day	0	orig=0.0in
1902	11	2	6	51	p1day	0	orig=0.0in
1902	11	3	6	51	p1day	0	orig=0.0in
1902	11	4	6	51	p1day	0	orig=0.0in
1902	11	5	6	51	p1day	0	orig=0.0in
1902	11	6	6	51	p1day	0	orig=0.0in
1902	11	7	6	51	p1day	1.02	orig=0.04in
1902	11	8	6	51	p1day	0	orig=0.0in
1902	11	9	6	51	p1day	11.94	orig=0.47in
1902	11	10	6	51	p1day	17.02	orig=0.67in
1902	11	11	6	51	p1day	0	orig=0.0in
1902	11	12	6	51	p1day	0	orig=0.0in
1902	11	13	6	51	p1day	0	orig=0.0in
1902	11	14	6	51	p1day	1.02	orig=0.04in
1902	11	15	6	51	p1day	0	orig=0.0in
1902	11	16	6	51	p1day	0	orig=0.0in
1902	11	17	6	51	p1day	0	orig=0.0in
1902	11	19	6	51	p1day	0	orig=0.0in
1902	11	20	6	51	p1day	0	orig=0.0in
1902	11	21	6	51	p1day	0	orig=0.0in
1902	11	22	6	51	p1day	0	orig=0.0in
1902	11	23	6	51	p1day	0	orig=0.0in
1902	11	24	6	51	p1day	11.94	orig=0.47in
1902	11	25	6	51	p1day	8.89	orig=0.35in
1902	11	26	6	51	p1day	0	orig=0.0in
1902	11	27	6	51	p1day	0	orig=0.0in
1902	11	28	6	51	p1day	0	orig=0.0in
1902	11	29	6	51	p1day	6.1	orig=0.24in
1902	11	30	6	51	p1day	2.03	orig=0.08in
1902	12	1	6	51	p1day	21.08	orig=0.83in
1902	12	2	6	51	p1day	12.95	orig=0.51in
1902	12	3	6	51	p1day	0	orig=0.0in
1902	12	4	6	51	p1day	0	orig=0.0in
1902	12	5	6	51	p1day	1.02	orig=0.04in
1902	12	6	6	51	p1day	0	orig=0.0in
1902	12	8	6	51	p1day	0	orig=0.0in
1902	12	9	6	51	p1day	0	orig=0.0in
1902	12	10	6	51	p1day	0	orig=0.0in
1902	12	11	6	51	p1day	0	orig=0.0in
1902	12	12	6	51	p1day	0	orig=0.0in
1902	12	13	6	51	p1day	2.03	orig=0.08in
1902	12	14	6	51	p1day	1.02	orig=0.04in
1902	12	15	6	51	p1day	4.06	orig=0.16in
1902	12	16	6	51	p1day	4.06	orig=0.16in
1902	12	17	6	51	p1day	17.02	orig=0.67in
1902	12	18	6	51	p1day	20.07	orig=0.79in
1902	12	19	6	51	p1day	0	orig=0.0in
1902	12	20	6	51	p1day	0	orig=0.0in
1902	12	21	6	51	p1day	0	orig=0.0in
1902	12	22	6	51	p1day	1.02	orig=0.04in
1902	12	23	6	51	p1day	0	orig=0.0in
1902	12	24	6	51	p1day	0	orig=0.0in
1902	12	25	6	51	p1day	0	orig=0.0in
1902	12	26	6	51	p1day	1.02	orig=0.04in
1902	12	27	6	51	p1day	0	orig=0.0in
1902	12	28	6	51	p1day	7.11	orig=0.28in
1902	12	29	6	51	p1day	20.07	orig=0.79in
1902	12	30	6	51	p1day	12.95	orig=0.51in
1902	12	31	6	51	p1day	3.05	orig=0.12in
1903	1	1	6	51	p1day	0	orig=0.0in
1903	1	2	6	51	p1day	10.92	orig=0.43in
1903	1	3	6	51	p1day	9.14	orig=0.36in
1903	1	4	6	51	p1day	8.13	orig=0.32in
1903	1	5	6	51	p1day	41.15	orig=1.62in
1903	1	6	6	51	p1day	0	orig=0.0in
1903	1	7	6	51	p1day	0	orig=0.0in
1903	1	8	6	51	p1day	5.08	orig=0.2in
1903	1	9	6	51	p1day	0	orig=0.0in
1903	1	10	6	51	p1day	4.06	orig=0.16in
1903	1	11	6	51	p1day	6.1	orig=0.24in
1903	1	12	6	51	p1day	2.03	orig=0.08in
1903	1	13	6	51	p1day	1.02	orig=0.04in
1903	1	14	6	51	p1day	0	orig=0.0in
1903	1	15	6	51	p1day	0	orig=0.0in
1903	1	16	6	51	p1day	0	orig=0.0in
1903	1	17	6	51	p1day	0	orig=0.0in
1903	1	18	6	51	p1day	1.02	orig=0.04in
1903	1	19	6	51	p1day	1.02	orig=0.04in
1903	1	20	6	51	p1day	8.13	orig=0.32in
1903	1	21	6	51	p1day	0	orig=0.0in
1903	1	22	6	51	p1day	0	orig=0.0in
1903	1	23	6	51	p1day	3.05	orig=0.12in
1903	1	24	6	51	p1day	2.03	orig=0.08in
1903	1	25	6	51	p1day	0	orig=0.0in
1903	1	26	6	51	p1day	1.02	orig=0.04in
1903	1	27	6	51	p1day	0	orig=0.0in
1903	1	28	6	51	p1day	1.02	orig=0.04in
1903	1	29	6	51	p1day	0	orig=0.0in
1903	1	30	6	51	p1day	0	orig=0.0in
1903	1	31	6	51	p1day	0	orig=0.0in
1903	2	1	6	51	p1day	0	orig=0.0in
1903	2	2	6	51	p1day	16	orig=0.63in
1903	2	3	6	51	p1day	0	orig=0.0in
1903	2	4	6	51	p1day	0	orig=0.0in
1903	2	5	6	51	p1day	0	orig=0.0in
1903	2	6	6	51	p1day	0	orig=0.0in
1903	2	7	6	51	p1day	0	orig=0.0in
1903	2	8	6	51	p1day	1.02	orig=0.04in
1903	2	9	6	51	p1day	4.06	orig=0.16in
1903	2	10	6	51	p1day	1.02	orig=0.04in
1903	2	11	6	51	p1day	0	orig=0.0in
1903	2	12	6	51	p1day	0	orig=0.0in
1903	2	13	6	51	p1day	0	orig=0.0in
1903	2	14	6	51	p1day	0	orig=0.0in
1903	2	15	6	51	p1day	0	orig=0.0in
1903	2	16	6	51	p1day	0	orig=0.0in
1903	2	17	6	51	p1day	0	orig=0.0in
1903	2	18	6	51	p1day	0	orig=0.0in
1903	2	19	6	51	p1day	0	orig=0.0in
1903	2	20	6	51	p1day	0	orig=0.0in
1903	2	21	6	51	p1day	1.02	orig=0.04in
1903	2	22	6	51	p1day	0	orig=0.0in
1903	2	23	6	51	p1day	0	orig=0.0in
1903	2	24	6	51	p1day	0	orig=0.0in
1903	2	25	6	51	p1day	2.03	orig=0.08in
1903	2	26	6	51	p1day	1.02	orig=0.04in
1903	2	27	6	51	p1day	0	orig=0.0in
1903	2	28	6	51	p1day	41.15	orig=1.62in
1903	3	1	6	51	p1day	32	orig=1.26in
1903	3	2	6	51	p1day	6.1	orig=0.24in
1903	3	3	6	51	p1day	7.11	orig=0.28in
1903	3	4	6	51	p1day	1.02	orig=0.04in
1903	3	5	6	51	p1day	1.02	orig=0.04in
1903	3	6	6	51	p1day	11.94	orig=0.47in
1903	3	7	6	51	p1day	1.02	orig=0.04in
1903	3	8	6	51	p1day	2.03	orig=0.08in
1903	3	9	6	51	p1day	0	orig=0.0in
1903	3	10	6	51	p1day	0	orig=0.0in
1903	3	11	6	51	p1day	0	orig=0.0in
1903	3	12	6	51	p1day	0	orig=0.0in
1903	3	13	6	51	p1day	0	orig=0.0in
1903	3	14	6	51	p1day	0	orig=0.0in
1903	3	15	6	51	p1day	1.02	orig=0.04in
1903	3	16	6	51	p1day	3.05	orig=0.12in
1903	3	17	6	51	p1day	0	orig=0.0in
1903	3	18	6	51	p1day	5.08	orig=0.2in
1903	3	19	6	51	p1day	0	orig=0.0in
1903	3	20	6	51	p1day	0	orig=0.0in
1903	3	21	6	51	p1day	0	orig=0.0in
1903	3	22	6	51	p1day	0	orig=0.0in
1903	3	23	6	51	p1day	0	orig=0.0in
1903	3	24	6	51	p1day	1.02	orig=0.04in
1903	3	25	6	51	p1day	0	orig=0.0in
1903	3	26	6	51	p1day	2.03	orig=0.08in
1903	3	27	6	51	p1day	0	orig=0.0in
1903	3	28	6	51	p1day	0	orig=0.0in
1903	3	29	6	51	p1day	3.05	orig=0.12in
1903	3	30	6	51	p1day	2.03	orig=0.08in
1903	3	31	6	51	p1day	6.1	orig=0.24in
1903	4	1	6	51	p1day	0	orig=0.0in
1903	4	2	6	51	p1day	7.11	orig=0.28in
1903	4	3	6	51	p1day	11.94	orig=0.47in
1903	4	4	6	51	p1day	2.03	orig=0.08in
1903	4	5	6	51	p1day	5.08	orig=0.2in
1903	4	6	6	51	p1day	0	orig=0.0in
1903	4	7	6	51	p1day	0	orig=0.0in
1903	4	8	6	51	p1day	0	orig=0.0in
1903	4	9	6	51	p1day	0	orig=0.0in
1903	4	10	6	51	p1day	0	orig=0.0in
1903	4	11	6	51	p1day	0	orig=0.0in
1903	4	12	6	51	p1day	0	orig=0.0in
1903	4	13	6	51	p1day	0	orig=0.0in
1903	4	14	6	51	p1day	0	orig=0.0in
1903	4	15	6	51	p1day	1.02	orig=0.04in
1903	4	16	6	51	p1day	0	orig=0.0in
1903	4	17	6	51	p1day	2.03	orig=0.08in
1903	4	18	6	51	p1day	4.06	orig=0.16in
1903	4	19	6	51	p1day	0	orig=0.0in
1903	4	20	6	51	p1day	0	orig=0.0in
1903	4	21	6	51	p1day	0	orig=0.0in
1903	4	22	6	51	p1day	0	orig=0.0in
1903	4	23	6	51	p1day	3.05	orig=0.12in
1903	4	24	6	51	p1day	3.05	orig=0.12in
1903	4	25	6	51	p1day	0	orig=0.0in
1903	4	26	6	51	p1day	2.03	orig=0.08in
1903	4	27	6	51	p1day	27.94	orig=1.1in
1903	4	28	6	51	p1day	4.06	orig=0.16in
1903	4	29	6	51	p1day	5.08	orig=0.2in
1903	4	30	6	51	p1day	0	orig=0.0in
1903	5	1	6	51	p1day	11.94	orig=0.47in
1903	5	2	6	51	p1day	0	orig=0.0in
1903	5	3	6	51	p1day	0	orig=0.0in
1903	5	4	6	51	p1day	8.13	orig=0.32in
1903	5	5	6	51	p1day	0	orig=0.0in
1903	5	6	6	51	p1day	2.03	orig=0.08in
1903	5	7	6	51	p1day	7.11	orig=0.28in
1903	5	8	6	51	p1day	0	orig=0.0in
1903	5	9	6	51	p1day	9.14	orig=0.36in
1903	5	10	6	51	p1day	0	orig=0.0in
1903	5	11	6	51	p1day	0	orig=0.0in
1903	5	12	6	51	p1day	0	orig=0.0in
1903	5	13	6	51	p1day	2.03	orig=0.08in
1903	5	14	6	51	p1day	0	orig=0.0in
1903	5	15	6	51	p1day	0	orig=0.0in
1903	5	16	6	51	p1day	0	orig=0.0in
1903	5	17	6	51	p1day	2.03	orig=0.08in
1903	5	18	6	51	p1day	19.05	orig=0.75in
1903	5	19	6	51	p1day	0	orig=0.0in
1903	5	20	6	51	p1day	0	orig=0.0in
1903	5	21	6	51	p1day	0	orig=0.0in
1903	5	22	6	51	p1day	0	orig=0.0in
1903	5	23	6	51	p1day	0	orig=0.0in
1903	5	24	6	51	p1day	0	orig=0.0in
1903	5	25	6	51	p1day	0	orig=0.0in
1903	5	26	6	51	p1day	0	orig=0.0in
1903	5	27	6	51	p1day	0	orig=0.0in
1903	5	28	6	51	p1day	0	orig=0.0in
1903	5	29	6	51	p1day	12.95	orig=0.51in
1903	5	30	6	51	p1day	2.03	orig=0.08in
1903	5	31	6	51	p1day	1.02	orig=0.04in
1903	6	1	6	51	p1day	0	orig=0.0in
1903	6	2	6	51	p1day	0	orig=0.0in
1903	6	3	6	51	p1day	0	orig=0.0in
1903	6	4	6	51	p1day	0	orig=0.0in
1903	6	5	6	51	p1day	0	orig=0.0in
1903	6	6	6	51	p1day	0	orig=0.0in
1903	6	7	6	51	p1day	0	orig=0.0in
1903	6	8	6	51	p1day	0	orig=0.0in
1903	6	9	6	51	p1day	3.05	orig=0.12in
1903	6	10	6	51	p1day	5.08	orig=0.2in
1903	6	11	6	51	p1day	13.97	orig=0.55in
1903	6	12	6	51	p1day	2.03	orig=0.08in
1903	6	13	6	51	p1day	0	orig=0.0in
1903	6	14	6	51	p1day	7.11	orig=0.28in
1903	6	15	6	51	p1day	7.11	orig=0.28in
1903	6	16	6	51	p1day	0	orig=0.0in
1903	6	17	6	51	p1day	0	orig=0.0in
1903	6	18	6	51	p1day	0	orig=0.0in
1903	6	19	6	51	p1day	0	orig=0.0in
1903	6	20	6	51	p1day	32	orig=1.26in
1903	6	21	6	51	p1day	0	orig=0.0in
1903	6	22	6	51	p1day	0	orig=0.0in
1903	6	23	6	51	p1day	0	orig=0.0in
1903	6	24	6	51	p1day	0	orig=0.0in
1903	6	25	6	51	p1day	0	orig=0.0in
1903	6	26	6	51	p1day	0	orig=0.0in
1903	6	27	6	51	p1day	0	orig=0.0in
1903	6	28	6	51	p1day	0	orig=0.0in
1903	6	29	6	51	p1day	0	orig=0.0in
1903	6	30	6	51	p1day	0	orig=0.0in
1903	7	1	6	51	p1day	0	orig=0.0in
1903	7	2	6	51	p1day	0	orig=0.0in
1903	7	3	6	51	p1day	0	orig=0.0in
1903	7	4	6	51	p1day	0	orig=0.0in
1903	7	5	6	51	p1day	0	orig=0.0in
1903	7	6	6	51	p1day	0	orig=0.0in
1903	7	7	6	51	p1day	0	orig=0.0in
1903	7	8	6	51	p1day	0	orig=0.0in
1903	7	9	6	51	p1day	0	orig=0.0in
1903	7	10	6	51	p1day	0	orig=0.0in
1903	7	11	6	51	p1day	0	orig=0.0in
1903	7	12	6	51	p1day	0	orig=0.0in
1903	7	13	6	51	p1day	0	orig=0.0in
1903	7	14	6	51	p1day	0	orig=0.0in
1903	7	15	6	51	p1day	0	orig=0.0in
1903	7	16	6	51	p1day	0	orig=0.0in
1903	7	17	6	51	p1day	0	orig=0.0in
1903	7	18	6	51	p1day	4.06	orig=0.16in
1903	7	19	6	51	p1day	0	orig=0.0in
1903	7	20	6	51	p1day	0	orig=0.0in
1903	7	21	6	51	p1day	0	orig=0.0in
1903	7	22	6	51	p1day	1.02	orig=0.04in
1903	7	23	6	51	p1day	2.03	orig=0.08in
1903	7	24	6	51	p1day	43.94	orig=1.73in
1903	7	25	6	51	p1day	1.02	orig=0.04in
1903	7	26	6	51	p1day	1.02	orig=0.04in
1903	7	27	6	51	p1day	8.89	orig=0.35in
1903	7	28	6	51	p1day	3.05	orig=0.12in
1903	7	29	6	51	p1day	46.99	orig=1.85in
1903	7	30	6	51	p1day	13.97	orig=0.55in
1903	7	31	6	51	p1day	8.13	orig=0.32in
1903	8	1	6	51	p1day	0	orig=0.0in
1903	8	2	6	51	p1day	1.02	orig=0.04in
1903	8	3	6	51	p1day	6.1	orig=0.24in
1903	8	4	6	51	p1day	0	orig=0.0in
1903	8	5	6	51	p1day	2.03	orig=0.08in
1903	8	6	6	51	p1day	0	orig=0.0in
1903	8	7	6	51	p1day	0	orig=0.0in
1903	8	8	6	51	p1day	0	orig=0.0in
1903	8	9	6	51	p1day	0	orig=0.0in
1903	8	10	6	51	p1day	4.06	orig=0.16in
1903	8	11	6	51	p1day	0	orig=0.0in
1903	8	12	6	51	p1day	6.1	orig=0.24in
1903	8	13	6	51	p1day	0	orig=0.0in
1903	8	14	6	51	p1day	0	orig=0.0in
1903	8	15	6	51	p1day	20.07	orig=0.79in
1903	8	16	6	51	p1day	0	orig=0.0in
1903	8	17	6	51	p1day	3.05	orig=0.12in
1903	8	18	6	51	p1day	4.06	orig=0.16in
1903	8	19	6	51	p1day	7.11	orig=0.28in
1903	8	20	6	51	p1day	8.13	orig=0.32in
1903	8	21	6	51	p1day	8.13	orig=0.32in
1903	8	22	6	51	p1day	2.03	orig=0.08in
1903	8	23	6	51	p1day	0	orig=0.0in
1903	8	24	6	51	p1day	0	orig=0.0in
1903	8	25	6	51	p1day	25.91	orig=1.02in
1903	8	26	6	51	p1day	4.06	orig=0.16in
1903	8	27	6	51	p1day	0	orig=0.0in
1903	8	28	6	51	p1day	1.02	orig=0.04in
1903	8	29	6	51	p1day	3.05	orig=0.12in
1903	8	30	6	51	p1day	0	orig=0.0in
1903	8	31	6	51	p1day	0	orig=0.0in
1903	9	1	6	51	p1day	0	orig=0.0in
1903	9	2	6	51	p1day	0	orig=0.0in
1903	9	3	6	51	p1day	3.05	orig=0.12in
1903	9	4	6	51	p1day	0	orig=0.0in
1903	9	5	6	51	p1day	33.02	orig=1.3in
1903	9	6	6	51	p1day	0	orig=0.0in
1903	9	7	6	51	p1day	6.1	orig=0.24in
1903	9	8	6	51	p1day	0	orig=0.0in
1903	9	9	6	51	p1day	0	orig=0.0in
1903	9	10	6	51	p1day	0	orig=0.0in
1903	9	11	6	51	p1day	6.1	orig=0.24in
1903	9	12	6	51	p1day	0	orig=0.0in
1903	9	13	6	51	p1day	6.1	orig=0.24in
1903	9	14	6	51	p1day	17.02	orig=0.67in
1903	9	15	6	51	p1day	26.92	orig=1.06in
1903	9	16	6	51	p1day	7.11	orig=0.28in
1903	9	17	6	51	p1day	0	orig=0.0in
1903	9	18	6	51	p1day	0	orig=0.0in
1903	9	19	6	51	p1day	0	orig=0.0in
1903	9	20	6	51	p1day	0	orig=0.0in
1903	9	21	6	51	p1day	0	orig=0.0in
1903	9	22	6	51	p1day	0	orig=0.0in
1903	9	23	6	51	p1day	0	orig=0.0in
1903	9	24	6	51	p1day	0	orig=0.0in
1903	9	25	6	51	p1day	0	orig=0.0in
1903	9	26	6	51	p1day	0	orig=0.0in
1903	9	27	6	51	p1day	0	orig=0.0in
1903	9	28	6	51	p1day	4.06	orig=0.16in
1903	9	29	6	51	p1day	0	orig=0.0in
1903	9	30	6	51	p1day	1.02	orig=0.04in
1903	10	1	6	51	p1day	0	orig=0.0in
1903	10	2	6	51	p1day	8.89	orig=0.35in
1903	10	3	6	51	p1day	5.08	orig=0.2in
1903	10	4	6	51	p1day	3.05	orig=0.12in
1903	10	5	6	51	p1day	13.97	orig=0.55in
1903	10	6	6	51	p1day	4.06	orig=0.16in
1903	10	7	6	51	p1day	7.11	orig=0.28in
1903	10	8	6	51	p1day	0	orig=0.0in
1903	10	9	6	51	p1day	2.03	orig=0.08in
1903	10	10	6	51	p1day	0	orig=0.0in
1903	10	11	6	51	p1day	0	orig=0.0in
1903	10	12	6	51	p1day	19.05	orig=0.75in
1903	10	13	6	51	p1day	34.04	orig=1.34in
1903	10	14	6	51	p1day	3.05	orig=0.12in
1903	10	15	6	51	p1day	3.05	orig=0.12in
1903	10	16	6	51	p1day	8.89	orig=0.35in
1903	10	17	6	51	p1day	1.02	orig=0.04in
1903	10	18	6	51	p1day	1.02	orig=0.04in
1903	10	19	6	51	p1day	0	orig=0.0in
1903	10	20	6	51	p1day	3.05	orig=0.12in
1903	10	21	6	51	p1day	0	orig=0.0in
1903	10	22	6	51	p1day	8.13	orig=0.32in
1903	10	23	6	51	p1day	5.08	orig=0.2in
1903	10	24	6	51	p1day	0	orig=0.0in
1903	10	25	6	51	p1day	7.11	orig=0.28in
1903	10	26	6	51	p1day	4.06	orig=0.16in
1903	10	27	6	51	p1day	7.11	orig=0.28in
1903	10	28	6	51	p1day	2.03	orig=0.08in
1903	10	29	6	51	p1day	0	orig=0.0in
1903	10	30	6	51	p1day	4.06	orig=0.16in
1903	10	31	6	51	p1day	0	orig=0.0in
1903	11	1	6	51	p1day	3.05	orig=0.12in
1903	11	2	6	51	p1day	0	orig=0.0in
1903	11	3	6	51	p1day	0	orig=0.0in
1903	11	4	6	51	p1day	0	orig=0.0in
1903	11	5	6	51	p1day	0	orig=0.0in
1903	11	6	6	51	p1day	0	orig=0.0in
1903	11	7	6	51	p1day	0	orig=0.0in
1903	11	8	6	51	p1day	0	orig=0.0in
1903	11	9	6	51	p1day	0	orig=0.0in
1903	11	10	6	51	p1day	2.03	orig=0.08in
1903	11	11	6	51	p1day	0	orig=0.0in
1903	11	12	6	51	p1day	0	orig=0.0in
1903	11	13	6	51	p1day	0	orig=0.0in
1903	11	14	6	51	p1day	0	orig=0.0in
1903	11	15	6	51	p1day	16	orig=0.63in
1903	11	16	6	51	p1day	2.03	orig=0.08in
1903	11	17	6	51	p1day	0	orig=0.0in
1903	11	18	6	51	p1day	9.91	orig=0.39in
1903	11	19	6	51	p1day	7.11	orig=0.28in
1903	11	20	6	51	p1day	0	orig=0.0in
1903	11	21	6	51	p1day	2.03	orig=0.08in
1903	11	22	6	51	p1day	0	orig=0.0in
1903	11	23	6	51	p1day	0	orig=0.0in
1903	11	24	6	51	p1day	4.06	orig=0.16in
1903	11	25	6	51	p1day	6.1	orig=0.24in
1903	11	26	6	51	p1day	0	orig=0.0in
1903	11	27	6	51	p1day	0	orig=0.0in
1903	11	28	6	51	p1day	37.08	orig=1.46in
1903	11	29	6	51	p1day	12.95	orig=0.51in
1903	11	30	6	51	p1day	0	orig=0.0in
1903	12	1	6	51	p1day	3.05	orig=0.12in
1903	12	3	6	51	p1day	1.02	orig=0.04in
1903	12	4	6	51	p1day	6.1	orig=0.24in
1903	12	5	6	51	p1day	8.13	orig=0.32in
1903	12	6	6	51	p1day	4.06	orig=0.16in
1903	12	7	6	51	p1day	0	orig=0.0in
1903	12	8	6	51	p1day	5.08	orig=0.2in
1903	12	9	6	51	p1day	7.11	orig=0.28in
1903	12	10	6	51	p1day	10.92	orig=0.43in
1903	12	11	6	51	p1day	4.06	orig=0.16in
1903	12	12	6	51	p1day	14.99	orig=0.59in
1903	12	13	6	51	p1day	2.03	orig=0.08in
1903	12	14	6	51	p1day	0	orig=0.0in
1903	12	15	6	51	p1day	0	orig=0.0in
1903	12	16	6	51	p1day	0	orig=0.0in
1903	12	17	6	51	p1day	0	orig=0.0in
1903	12	18	6	51	p1day	0	orig=0.0in
1903	12	19	6	51	p1day	0	orig=0.0in
1903	12	20	6	51	p1day	0	orig=0.0in
1903	12	21	6	51	p1day	0	orig=0.0in
1903	12	22	6	51	p1day	0	orig=0.0in
1903	12	23	6	51	p1day	0	orig=0.0in
1903	12	24	6	51	p1day	0	orig=0.0in
1903	12	25	6	51	p1day	0	orig=0.0in
1903	12	26	6	51	p1day	9.91	orig=0.39in
1903	12	27	6	51	p1day	0	orig=0.0in
1903	12	28	6	51	p1day	0	orig=0.0in
1903	12	29	6	51	p1day	0	orig=0.0in
1903	12	30	6	51	p1day	0	orig=0.0in
1903	12	31	6	51	p1day	0	orig=0.0in
1904	1	1	6	51	p1day	0	orig=0.0in
1904	1	2	6	51	p1day	0	orig=0.0in
1904	1	3	6	51	p1day	0	orig=0.0in
1904	1	4	6	51	p1day	6.1	orig=0.24in
1904	1	5	6	51	p1day	1.02	orig=0.04in
1904	1	6	6	51	p1day	0	orig=0.0in
1904	1	7	6	51	p1day	0	orig=0.0in
1904	1	8	6	51	p1day	1.02	orig=0.04in
1904	1	9	6	51	p1day	25.15	orig=0.99in
1904	1	10	6	51	p1day	1.02	orig=0.04in
1904	1	11	6	51	p1day	8.89	orig=0.35in
1904	1	12	6	51	p1day	1.02	orig=0.04in
1904	1	13	6	51	p1day	8.89	orig=0.35in
1904	1	14	6	51	p1day	14.99	orig=0.59in
1904	1	15	6	51	p1day	2.03	orig=0.08in
1904	1	16	6	51	p1day	0	orig=0.0in
1904	1	17	6	51	p1day	0	orig=0.0in
1904	1	18	6	51	p1day	0	orig=0.0in
1904	1	19	6	51	p1day	6.1	orig=0.24in
1904	1	20	6	51	p1day	0	orig=0.0in
1904	1	21	6	51	p1day	0	orig=0.0in
1904	1	22	6	51	p1day	2.03	orig=0.08in
1904	1	23	6	51	p1day	0	orig=0.0in
1904	1	24	6	51	p1day	0	orig=0.0in
1904	1	25	6	51	p1day	0	orig=0.0in
1904	1	26	6	51	p1day	0	orig=0.0in
1904	1	27	6	51	p1day	0	orig=0.0in
1904	1	28	6	51	p1day	6.1	orig=0.24in
1904	1	29	6	51	p1day	11.94	orig=0.47in
1904	1	30	6	51	p1day	1.02	orig=0.04in
1904	1	31	6	51	p1day	1.02	orig=0.04in
1904	2	1	6	51	p1day	14.99	orig=0.59in
1904	2	2	6	51	p1day	0	orig=0.0in
1904	2	3	6	51	p1day	0	orig=0.0in
1904	2	4	6	51	p1day	5.08	orig=0.2in
1904	2	5	6	51	p1day	0	orig=0.0in
1904	2	6	6	51	p1day	4.06	orig=0.16in
1904	2	7	6	51	p1day	1.02	orig=0.04in
1904	2	8	6	51	p1day	6.1	orig=0.24in
1904	2	9	6	51	p1day	3.05	orig=0.12in
1904	2	10	6	51	p1day	25.91	orig=1.02in
1904	2	11	6	51	p1day	11.94	orig=0.47in
1904	2	12	6	51	p1day	1.02	orig=0.04in
1904	2	13	6	51	p1day	3.05	orig=0.12in
1904	2	14	6	51	p1day	12.95	orig=0.51in
1904	2	15	6	51	p1day	5.08	orig=0.2in
1904	2	16	6	51	p1day	2.03	orig=0.08in
1904	2	17	6	51	p1day	12.95	orig=0.51in
1904	2	18	6	51	p1day	0	orig=0.0in
1904	2	19	6	51	p1day	0	orig=0.0in
1904	2	20	6	51	p1day	11.94	orig=0.47in
1904	2	21	6	51	p1day	0	orig=0.0in
1904	2	22	6	51	p1day	0	orig=0.0in
1904	2	23	6	51	p1day	0	orig=0.0in
1904	2	24	6	51	p1day	0	orig=0.0in
1904	2	25	6	51	p1day	0	orig=0.0in
1904	2	26	6	51	p1day	0	orig=0.0in
1904	2	27	6	51	p1day	0	orig=0.0in
1904	2	28	6	51	p1day	0	orig=0.0in
1904	2	29	6	51	p1day	0	orig=0.0in
1904	3	1	6	51	p1day	0	orig=0.0in
1904	3	2	6	51	p1day	0	orig=0.0in
1904	3	3	6	51	p1day	0	orig=0.0in
1904	3	4	6	51	p1day	0	orig=0.0in
1904	3	5	6	51	p1day	0	orig=0.0in
1904	3	6	6	51	p1day	0	orig=0.0in
1904	3	7	6	51	p1day	0	orig=0.0in
1904	3	8	6	51	p1day	1.02	orig=0.04in
1904	3	9	6	51	p1day	0	orig=0.0in
1904	3	10	6	51	p1day	0	orig=0.0in
1904	3	11	6	51	p1day	0	orig=0.0in
1904	3	12	6	51	p1day	0	orig=0.0in
1904	3	13	6	51	p1day	0	orig=0.0in
1904	3	14	6	51	p1day	0	orig=0.0in
1904	3	15	6	51	p1day	0	orig=0.0in
1904	3	16	6	51	p1day	0	orig=0.0in
1904	3	17	6	51	p1day	0	orig=0.0in
1904	3	18	6	51	p1day	0	orig=0.0in
1904	3	19	6	51	p1day	0	orig=0.0in
1904	3	20	6	51	p1day	3.05	orig=0.12in
1904	3	21	6	51	p1day	1.02	orig=0.04in
1904	3	22	6	51	p1day	3.05	orig=0.12in
1904	3	23	6	51	p1day	0	orig=0.0in
1904	3	24	6	51	p1day	1.02	orig=0.04in
1904	3	25	6	51	p1day	0	orig=0.0in
1904	3	26	6	51	p1day	0	orig=0.0in
1904	3	27	6	51	p1day	0	orig=0.0in
1904	3	28	6	51	p1day	0	orig=0.0in
1904	3	29	6	51	p1day	5.08	orig=0.2in
1904	3	30	6	51	p1day	7.11	orig=0.28in
1904	3	31	6	51	p1day	0	orig=0.0in
1904	4	1	6	51	p1day	2.03	orig=0.08in
1904	4	2	6	51	p1day	0	orig=0.0in
1904	4	3	6	51	p1day	0	orig=0.0in
1904	4	4	6	51	p1day	2.03	orig=0.08in
1904	4	5	6	51	p1day	3.05	orig=0.12in
1904	4	6	6	51	p1day	4.06	orig=0.16in
1904	4	7	6	51	p1day	7.11	orig=0.28in
1904	4	8	6	51	p1day	0	orig=0.0in
1904	4	9	6	51	p1day	0	orig=0.0in
1904	4	10	6	51	p1day	0	orig=0.0in
1904	4	11	6	51	p1day	0	orig=0.0in
1904	4	12	6	51	p1day	0	orig=0.0in
1904	4	13	6	51	p1day	0	orig=0.0in
1904	4	14	6	51	p1day	1.02	orig=0.04in
1904	4	15	6	51	p1day	0	orig=0.0in
1904	4	16	6	51	p1day	6.1	orig=0.24in
1904	4	17	6	51	p1day	2.03	orig=0.08in
1904	4	18	6	51	p1day	0	orig=0.0in
1904	4	19	6	51	p1day	0	orig=0.0in
1904	4	20	6	51	p1day	0	orig=0.0in
1904	4	21	6	51	p1day	0	orig=0.0in
1904	4	22	6	51	p1day	0	orig=0.0in
1904	4	23	6	51	p1day	5.08	orig=0.2in
1904	4	24	6	51	p1day	0	orig=0.0in
1904	4	25	6	51	p1day	0	orig=0.0in
1904	4	26	6	51	p1day	0	orig=0.0in
1904	4	27	6	51	p1day	0	orig=0.0in
1904	4	28	6	51	p1day	0	orig=0.0in
1904	4	29	6	51	p1day	0	orig=0.0in
1904	4	30	6	51	p1day	8.13	orig=0.32in
1904	5	1	6	51	p1day	1.02	orig=0.04in
1904	5	2	6	51	p1day	0	orig=0.0in
1904	5	3	6	51	p1day	17.02	orig=0.67in
1904	5	4	6	51	p1day	0	orig=0.0in
1904	5	5	6	51	p1day	0	orig=0.0in
1904	5	6	6	51	p1day	5.08	orig=0.2in
1904	5	7	6	51	p1day	20.07	orig=0.79in
1904	5	8	6	51	p1day	2.03	orig=0.08in
1904	5	9	6	51	p1day	8.89	orig=0.35in
1904	5	10	6	51	p1day	2.03	orig=0.08in
1904	5	11	6	51	p1day	0	orig=0.0in
1904	5	12	6	51	p1day	0	orig=0.0in
1904	5	13	6	51	p1day	0	orig=0.0in
1904	5	14	6	51	p1day	0	orig=0.0in
1904	5	15	6	51	p1day	1.02	orig=0.04in
1904	5	16	6	51	p1day	0	orig=0.0in
1904	5	17	6	51	p1day	0	orig=0.0in
1904	5	18	6	51	p1day	1.02	orig=0.04in
1904	5	19	6	51	p1day	0	orig=0.0in
1904	5	20	6	51	p1day	0	orig=0.0in
1904	5	21	6	51	p1day	0	orig=0.0in
1904	5	22	6	51	p1day	0	orig=0.0in
1904	5	23	6	51	p1day	0	orig=0.0in
1904	5	24	6	51	p1day	0	orig=0.0in
1904	5	25	6	51	p1day	2.03	orig=0.08in
1904	5	26	6	51	p1day	0	orig=0.0in
1904	5	27	6	51	p1day	3.05	orig=0.12in
1904	5	28	6	51	p1day	0	orig=0.0in
1904	5	29	6	51	p1day	0	orig=0.0in
1904	5	30	6	51	p1day	0	orig=0.0in
1904	5	31	6	51	p1day	1.02	orig=0.04in
1904	6	1	6	51	p1day	20.07	orig=0.79in
1904	6	2	6	51	p1day	3.05	orig=0.12in
1904	6	3	6	51	p1day	9.91	orig=0.39in
1904	6	4	6	51	p1day	1.02	orig=0.04in
1904	6	5	6	51	p1day	0	orig=0.0in
1904	6	6	6	51	p1day	0	orig=0.0in
1904	6	7	6	51	p1day	5.08	orig=0.2in
1904	6	8	6	51	p1day	0	orig=0.0in
1904	6	9	6	51	p1day	0	orig=0.0in
1904	6	10	6	51	p1day	7.11	orig=0.28in
1904	6	11	6	51	p1day	0	orig=0.0in
1904	6	12	6	51	p1day	0	orig=0.0in
1904	6	13	6	51	p1day	0	orig=0.0in
1904	6	14	6	51	p1day	0	orig=0.0in
1904	6	15	6	51	p1day	5.08	orig=0.2in
1904	6	16	6	51	p1day	1.02	orig=0.04in
1904	6	17	6	51	p1day	0	orig=0.0in
1904	6	19	6	51	p1day	0	orig=0.0in
1904	6	20	6	51	p1day	0	orig=0.0in
1904	6	21	6	51	p1day	0	orig=0.0in
1904	6	22	6	51	p1day	0	orig=0.0in
1904	6	23	6	51	p1day	0	orig=0.0in
1904	6	24	6	51	p1day	0	orig=0.0in
1904	6	25	6	51	p1day	1.02	orig=0.04in
1904	6	26	6	51	p1day	3.05	orig=0.12in
1904	6	27	6	51	p1day	0	orig=0.0in
1904	6	28	6	51	p1day	0	orig=0.0in
1904	6	29	6	51	p1day	0	orig=0.0in
1904	6	30	6	51	p1day	0	orig=0.0in
1904	7	1	6	51	p1day	0	orig=0.0in
1904	7	2	6	51	p1day	0	orig=0.0in
1904	7	3	6	51	p1day	0	orig=0.0in
1904	7	4	6	51	p1day	0	orig=0.0in
1904	7	5	6	51	p1day	0	orig=0.0in
1904	7	6	6	51	p1day	0	orig=0.0in
1904	7	7	6	51	p1day	0	orig=0.0in
1904	7	8	6	51	p1day	1.02	orig=0.04in
1904	7	9	6	51	p1day	0	orig=0.0in
1904	7	10	6	51	p1day	0	orig=0.0in
1904	7	11	6	51	p1day	0	orig=0.0in
1904	7	12	6	51	p1day	0	orig=0.0in
1904	7	13	6	51	p1day	0	orig=0.0in
1904	7	15	6	51	p1day	0	orig=0.0in
1904	7	16	6	51	p1day	0	orig=0.0in
1904	7	17	6	51	p1day	0	orig=0.0in
1904	7	18	6	51	p1day	0	orig=0.0in
1904	7	19	6	51	p1day	0	orig=0.0in
1904	7	20	6	51	p1day	1.02	orig=0.04in
1904	7	21	6	51	p1day	0	orig=0.0in
1904	7	22	6	51	p1day	0	orig=0.0in
1904	7	23	6	51	p1day	0	orig=0.0in
1904	7	24	6	51	p1day	0	orig=0.0in
1904	7	25	6	51	p1day	0	orig=0.0in
1904	7	26	6	51	p1day	4.06	orig=0.16in
1904	7	27	6	51	p1day	0	orig=0.0in
1904	7	28	6	51	p1day	1.02	orig=0.04in
1904	7	29	6	51	p1day	0	orig=0.0in
1904	7	30	6	51	p1day	0	orig=0.0in
1904	7	31	6	51	p1day	3.05	orig=0.12in
1904	8	1	6	51	p1day	0	orig=0.0in
1904	8	2	6	51	p1day	0	orig=0.0in
1904	8	3	6	51	p1day	0	orig=0.0in
1904	8	4	6	51	p1day	0	orig=0.0in
1904	8	5	6	51	p1day	5.08	orig=0.2in
1904	8	6	6	51	p1day	0	orig=0.0in
1904	8	7	6	51	p1day	2.03	orig=0.08in
1904	8	8	6	51	p1day	2.03	orig=0.08in
1904	8	9	6	51	p1day	0	orig=0.0in
1904	8	10	6	51	p1day	0	orig=0.0in
1904	8	11	6	51	p1day	0	orig=0.0in
1904	8	12	6	51	p1day	0	orig=0.0in
1904	8	13	6	51	p1day	0	orig=0.0in
1904	8	14	6	51	p1day	0	orig=0.0in
1904	8	15	6	51	p1day	5.08	orig=0.2in
1904	8	16	6	51	p1day	0	orig=0.0in
1904	8	17	6	51	p1day	0	orig=0.0in
1904	8	18	6	51	p1day	0	orig=0.0in
1904	8	19	6	51	p1day	0	orig=0.0in
1904	8	20	6	51	p1day	0	orig=0.0in
1904	8	21	6	51	p1day	0	orig=0.0in
1904	8	22	6	51	p1day	0	orig=0.0in
1904	8	23	6	51	p1day	23.11	orig=0.91in
1904	8	24	6	51	p1day	10.92	orig=0.43in
1904	8	25	6	51	p1day	7.11	orig=0.28in
1904	8	26	6	51	p1day	0	orig=0.0in
1904	8	27	6	51	p1day	0	orig=0.0in
1904	8	28	6	51	p1day	0	orig=0.0in
1904	8	29	6	51	p1day	0	orig=0.0in
1904	8	30	6	51	p1day	0	orig=0.0in
1904	8	31	6	51	p1day	13.97	orig=0.55in
1904	9	1	6	51	p1day	6.1	orig=0.24in
1904	9	2	6	51	p1day	4.06	orig=0.16in
1904	9	3	6	51	p1day	0	orig=0.0in
1904	9	4	6	51	p1day	5.08	orig=0.2in
1904	9	5	6	51	p1day	0	orig=0.0in
1904	9	6	6	51	p1day	0	orig=0.0in
1904	9	7	6	51	p1day	20.07	orig=0.79in
1904	9	8	6	51	p1day	0	orig=0.0in
1904	9	9	6	51	p1day	2.03	orig=0.08in
1904	9	10	6	51	p1day	0	orig=0.0in
1904	9	11	6	51	p1day	0	orig=0.0in
1904	9	12	6	51	p1day	0	orig=0.0in
1904	9	13	6	51	p1day	1.02	orig=0.04in
1904	9	14	6	51	p1day	2.03	orig=0.08in
1904	9	15	6	51	p1day	4.06	orig=0.16in
1904	9	16	6	51	p1day	0	orig=0.0in
1904	9	17	6	51	p1day	0	orig=0.0in
1904	9	18	6	51	p1day	0	orig=0.0in
1904	9	19	6	51	p1day	0	orig=0.0in
1904	9	20	6	51	p1day	0	orig=0.0in
1904	9	21	6	51	p1day	0	orig=0.0in
1904	9	22	6	51	p1day	0	orig=0.0in
1904	9	23	6	51	p1day	0	orig=0.0in
1904	9	24	6	51	p1day	7.11	orig=0.28in
1904	9	25	6	51	p1day	0	orig=0.0in
1904	9	26	6	51	p1day	0	orig=0.0in
1904	9	27	6	51	p1day	0	orig=0.0in
1904	9	28	6	51	p1day	0	orig=0.0in
1904	9	29	6	51	p1day	0	orig=0.0in
1904	9	30	6	51	p1day	0	orig=0.0in
1904	10	1	6	51	p1day	1.02	orig=0.04in
1904	10	2	6	51	p1day	7.11	orig=0.28in
1904	10	3	6	51	p1day	5.08	orig=0.2in
1904	10	4	6	51	p1day	0	orig=0.0in
1904	10	5	6	51	p1day	0	orig=0.0in
1904	10	6	6	51	p1day	10.92	orig=0.43in
1904	10	7	6	51	p1day	10.92	orig=0.43in
1904	10	8	6	51	p1day	41.91	orig=1.65in
1904	10	9	6	51	p1day	0	orig=0.0in
1904	10	10	6	51	p1day	0	orig=0.0in
1904	10	11	6	51	p1day	0	orig=0.0in
1904	10	12	6	51	p1day	0	orig=0.0in
1904	10	13	6	51	p1day	0	orig=0.0in
1904	10	14	6	51	p1day	0	orig=0.0in
1904	10	15	6	51	p1day	0	orig=0.0in
1904	10	16	6	51	p1day	0	orig=0.0in
1904	10	17	6	51	p1day	3.05	orig=0.12in
1904	10	18	6	51	p1day	10.92	orig=0.43in
1904	10	19	6	51	p1day	0	orig=0.0in
1904	10	20	6	51	p1day	1.02	orig=0.04in
1904	10	21	6	51	p1day	0	orig=0.0in
1904	10	22	6	51	p1day	1.02	orig=0.04in
1904	10	23	6	51	p1day	5.08	orig=0.2in
1904	10	24	6	51	p1day	0	orig=0.0in
1904	10	25	6	51	p1day	0	orig=0.0in
1904	10	26	6	51	p1day	0	orig=0.0in
1904	10	27	6	51	p1day	0	orig=0.0in
1904	10	28	6	51	p1day	1.02	orig=0.04in
1904	10	29	6	51	p1day	0	orig=0.0in
1904	10	30	6	51	p1day	0	orig=0.0in
1904	10	31	6	51	p1day	0	orig=0.0in
1904	11	1	6	51	p1day	1.02	orig=0.04in
1904	11	2	6	51	p1day	1.02	orig=0.04in
1904	11	3	6	51	p1day	0	orig=0.0in
1904	11	4	6	51	p1day	0	orig=0.0in
1904	11	5	6	51	p1day	0	orig=0.0in
1904	11	6	6	51	p1day	0	orig=0.0in
1904	11	7	6	51	p1day	5.08	orig=0.2in
1904	11	8	6	51	p1day	6.1	orig=0.24in
1904	11	9	6	51	p1day	3.05	orig=0.12in
1904	11	10	6	51	p1day	2.03	orig=0.08in
1904	11	11	6	51	p1day	19.05	orig=0.75in
1904	11	12	6	51	p1day	0	orig=0.0in
1904	11	13	6	51	p1day	0	orig=0.0in
1904	11	14	6	51	p1day	0	orig=0.0in
1904	11	15	6	51	p1day	0	orig=0.0in
1904	11	16	6	51	p1day	0	orig=0.0in
1904	11	17	6	51	p1day	0	orig=0.0in
1904	11	18	6	51	p1day	0	orig=0.0in
1904	11	19	6	51	p1day	0	orig=0.0in
1904	11	20	6	51	p1day	0	orig=0.0in
1904	11	21	6	51	p1day	0	orig=0.0in
1904	11	22	6	51	p1day	33.02	orig=1.3in
1904	11	24	6	51	p1day	0	orig=0.0in
1904	11	25	6	51	p1day	0	orig=0.0in
1904	11	26	6	51	p1day	0	orig=0.0in
1904	11	27	6	51	p1day	7.11	orig=0.28in
1904	11	28	6	51	p1day	0	orig=0.0in
1904	11	29	6	51	p1day	0	orig=0.0in
1904	11	30	6	51	p1day	0	orig=0.0in
1904	12	1	6	51	p1day	0	orig=0.0in
1904	12	2	6	51	p1day	1.02	orig=0.04in
1904	12	3	6	51	p1day	4.06	orig=0.16in
1904	12	4	6	51	p1day	3.05	orig=0.12in
1904	12	5	6	51	p1day	3.05	orig=0.12in
1904	12	6	6	51	p1day	9.91	orig=0.39in
1904	12	7	6	51	p1day	8.89	orig=0.35in
1904	12	8	6	51	p1day	12.95	orig=0.51in
1904	12	9	6	51	p1day	1.02	orig=0.04in
1904	12	10	6	51	p1day	7.11	orig=0.28in
1904	12	11	6	51	p1day	2.03	orig=0.08in
1904	12	12	6	51	p1day	2.03	orig=0.08in
1904	12	13	6	51	p1day	3.05	orig=0.12in
1904	12	14	6	51	p1day	1.02	orig=0.04in
1904	12	15	6	51	p1day	11.94	orig=0.47in
1904	12	16	6	51	p1day	8.89	orig=0.35in
1904	12	17	6	51	p1day	2.03	orig=0.08in
1904	12	18	6	51	p1day	0	orig=0.0in
1904	12	19	6	51	p1day	0	orig=0.0in
1904	12	20	6	51	p1day	0	orig=0.0in
1904	12	21	6	51	p1day	0	orig=0.0in
1904	12	22	6	51	p1day	0	orig=0.0in
1904	12	23	6	51	p1day	0	orig=0.0in
1904	12	24	6	51	p1day	0	orig=0.0in
1904	12	25	6	51	p1day	0	orig=0.0in
1904	12	26	6	51	p1day	0	orig=0.0in
1904	12	27	6	51	p1day	0	orig=0.0in
1904	12	28	6	51	p1day	0	orig=0.0in
1904	12	29	6	51	p1day	8.13	orig=0.32in
1904	12	30	6	51	p1day	0	orig=0.0in
1904	12	31	6	51	p1day	0	orig=0.0in
1905	1	1	6	51	p1day	0	orig=0.0in
1905	1	2	6	51	p1day	0	orig=0.0in
1905	1	3	6	51	p1day	0	orig=0.0in
1905	1	4	6	51	p1day	2.03	orig=0.08in
1905	1	5	6	51	p1day	3.05	orig=0.12in
1905	1	6	6	51	p1day	10.92	orig=0.43in
1905	1	7	6	51	p1day	1.02	orig=0.04in
1905	1	8	6	51	p1day	4.06	orig=0.16in
1905	1	9	6	51	p1day	0	orig=0.0in
1905	1	10	6	51	p1day	2.03	orig=0.08in
1905	1	11	6	51	p1day	0	orig=0.0in
1905	1	12	6	51	p1day	0	orig=0.0in
1905	1	13	6	51	p1day	0	orig=0.0in
1905	1	14	6	51	p1day	0	orig=0.0in
1905	1	15	6	51	p1day	0	orig=0.0in
1905	1	16	6	51	p1day	0	orig=0.0in
1905	1	17	6	51	p1day	14.99	orig=0.59in
1905	1	18	6	51	p1day	0	orig=0.0in
1905	1	19	6	51	p1day	0	orig=0.0in
1905	1	20	6	51	p1day	8.89	orig=0.35in
1905	1	21	6	51	p1day	0	orig=0.0in
1905	1	22	6	51	p1day	0	orig=0.0in
1905	1	24	6	51	p1day	0	orig=0.0in
1905	1	25	6	51	p1day	0	orig=0.0in
1905	1	26	6	51	p1day	0	orig=0.0in
1905	1	27	6	51	p1day	0	orig=0.0in
1905	1	28	6	51	p1day	0	orig=0.0in
1905	1	29	6	51	p1day	0	orig=0.0in
1905	1	30	6	51	p1day	0	orig=0.0in
1905	1	31	6	51	p1day	0	orig=0.0in
1905	2	1	6	51	p1day	0	orig=0.0in
1905	2	2	6	51	p1day	0	orig=0.0in
1905	2	3	6	51	p1day	0	orig=0.0in
1905	2	4	6	51	p1day	0	orig=0.0in
1905	2	5	6	51	p1day	0	orig=0.0in
1905	2	6	6	51	p1day	0	orig=0.0in
1905	2	7	6	51	p1day	0	orig=0.0in
1905	2	8	6	51	p1day	2.03	orig=0.08in
1905	2	9	6	51	p1day	0	orig=0.0in
1905	2	10	6	51	p1day	0	orig=0.0in
1905	2	11	6	51	p1day	1.02	orig=0.04in
1905	2	12	6	51	p1day	0	orig=0.0in
1905	2	14	6	51	p1day	0	orig=0.0in
1905	2	15	6	51	p1day	0	orig=0.0in
1905	2	16	6	51	p1day	4.06	orig=0.16in
1905	2	17	6	51	p1day	3.05	orig=0.12in
1905	2	18	6	51	p1day	0	orig=0.0in
1905	2	19	6	51	p1day	1.02	orig=0.04in
1905	2	20	6	51	p1day	0	orig=0.0in
1905	2	21	6	51	p1day	12.95	orig=0.51in
1905	2	22	6	51	p1day	0	orig=0.0in
1905	2	23	6	51	p1day	0	orig=0.0in
1905	2	24	6	51	p1day	0	orig=0.0in
1905	2	25	6	51	p1day	0	orig=0.0in
1905	2	26	6	51	p1day	0	orig=0.0in
1905	2	27	6	51	p1day	16	orig=0.63in
1905	2	28	6	51	p1day	1.02	orig=0.04in
1905	3	1	6	51	p1day	5.08	orig=0.2in
1905	3	2	6	51	p1day	8.89	orig=0.35in
1905	3	3	6	51	p1day	1.02	orig=0.04in
1905	3	4	6	51	p1day	1.02	orig=0.04in
1905	3	5	6	51	p1day	0	orig=0.0in
1905	3	6	6	51	p1day	4.06	orig=0.16in
1905	3	7	6	51	p1day	1.02	orig=0.04in
1905	3	8	6	51	p1day	1.02	orig=0.04in
1905	3	9	6	51	p1day	10.92	orig=0.43in
1905	3	10	6	51	p1day	2.03	orig=0.08in
1905	3	11	6	51	p1day	11.94	orig=0.47in
1905	3	12	6	51	p1day	11.94	orig=0.47in
1905	3	13	6	51	p1day	0	orig=0.0in
1905	3	14	6	51	p1day	5.08	orig=0.2in
1905	3	15	6	51	p1day	7.11	orig=0.28in
1905	3	16	6	51	p1day	16	orig=0.63in
1905	3	17	6	51	p1day	17.02	orig=0.67in
1905	3	18	6	51	p1day	3.05	orig=0.12in
1905	3	19	6	51	p1day	4.06	orig=0.16in
1905	3	20	6	51	p1day	0	orig=0.0in
1905	3	21	6	51	p1day	0	orig=0.0in
1905	3	22	6	51	p1day	0	orig=0.0in
1905	3	23	6	51	p1day	0	orig=0.0in
1905	3	24	6	51	p1day	2.03	orig=0.08in
1905	3	25	6	51	p1day	0	orig=0.0in
1905	3	26	6	51	p1day	2.03	orig=0.08in
1905	3	27	6	51	p1day	0	orig=0.0in
1905	3	28	6	51	p1day	7.11	orig=0.28in
1905	3	29	6	51	p1day	0	orig=0.0in
1905	3	30	6	51	p1day	1.02	orig=0.04in
1905	3	31	6	51	p1day	6.1	orig=0.24in
1905	4	1	6	51	p1day	0	orig=0.0in
1905	4	2	6	51	p1day	0	orig=0.0in
1905	4	3	6	51	p1day	0	orig=0.0in
1905	4	4	6	51	p1day	0	orig=0.0in
1905	4	5	6	51	p1day	2.03	orig=0.08in
1905	4	6	6	51	p1day	3.05	orig=0.12in
1905	4	7	6	51	p1day	0	orig=0.0in
1905	4	8	6	51	p1day	31.75	orig=1.25in
1905	4	9	6	51	p1day	0	orig=0.0in
1905	4	10	6	51	p1day	1.02	orig=0.04in
1905	4	11	6	51	p1day	34.04	orig=1.34in
1905	4	12	6	51	p1day	0	orig=0.0in
1905	4	13	6	51	p1day	0	orig=0.0in
1905	4	14	6	51	p1day	0	orig=0.0in
1905	4	15	6	51	p1day	5.08	orig=0.2in
1905	4	16	6	51	p1day	0	orig=0.0in
1905	4	17	6	51	p1day	17.02	orig=0.67in
1905	4	18	6	51	p1day	0	orig=0.0in
1905	4	19	6	51	p1day	1.02	orig=0.04in
1905	4	20	6	51	p1day	0	orig=0.0in
1905	4	21	6	51	p1day	0	orig=0.0in
1905	4	22	6	51	p1day	5.08	orig=0.2in
1905	4	23	6	51	p1day	2.03	orig=0.08in
1905	4	24	6	51	p1day	0	orig=0.0in
1905	4	25	6	51	p1day	0	orig=0.0in
1905	4	26	6	51	p1day	1.02	orig=0.04in
1905	4	27	6	51	p1day	1.02	orig=0.04in
1905	4	28	6	51	p1day	0	orig=0.0in
1905	4	29	6	51	p1day	23.11	orig=0.91in
1905	4	30	6	51	p1day	2.03	orig=0.08in
1905	5	1	6	51	p1day	9.91	orig=0.39in
1905	5	2	6	51	p1day	39.12	orig=1.54in
1905	5	3	6	51	p1day	6.1	orig=0.24in
1905	5	4	6	51	p1day	0	orig=0.0in
1905	5	5	6	51	p1day	0	orig=0.0in
1905	5	6	6	51	p1day	0	orig=0.0in
1905	5	7	6	51	p1day	0	orig=0.0in
1905	5	8	6	51	p1day	1.02	orig=0.04in
1905	5	9	6	51	p1day	0	orig=0.0in
1905	5	10	6	51	p1day	0	orig=0.0in
1905	5	11	6	51	p1day	0	orig=0.0in
1905	5	12	6	51	p1day	0	orig=0.0in
1905	5	13	6	51	p1day	0	orig=0.0in
1905	5	14	6	51	p1day	0	orig=0.0in
1905	5	15	6	51	p1day	0	orig=0.0in
1905	5	16	6	51	p1day	0	orig=0.0in
1905	5	17	6	51	p1day	0	orig=0.0in
1905	5	18	6	51	p1day	0	orig=0.0in
1905	5	19	6	51	p1day	0	orig=0.0in
1905	5	20	6	51	p1day	4.06	orig=0.16in
1905	5	21	6	51	p1day	3.05	orig=0.12in
1905	5	22	6	51	p1day	0	orig=0.0in
1905	5	23	6	51	p1day	0	orig=0.0in
1905	5	24	6	51	p1day	0	orig=0.0in
1905	5	25	6	51	p1day	0	orig=0.0in
1905	5	26	6	51	p1day	0	orig=0.0in
1905	5	27	6	51	p1day	0	orig=0.0in
1905	5	28	6	51	p1day	0	orig=0.0in
1905	5	29	6	51	p1day	0	orig=0.0in
1905	5	30	6	51	p1day	0	orig=0.0in
1905	5	31	6	51	p1day	10.92	orig=0.43in
1905	6	1	6	51	p1day	0	orig=0.0in
1905	6	2	6	51	p1day	0	orig=0.0in
1905	6	3	6	51	p1day	0	orig=0.0in
1905	6	4	6	51	p1day	0	orig=0.0in
1905	6	5	6	51	p1day	17.02	orig=0.67in
1905	6	6	6	51	p1day	33.02	orig=1.3in
1905	6	7	6	51	p1day	1.02	orig=0.04in
1905	6	8	6	51	p1day	9.91	orig=0.39in
1905	6	9	6	51	p1day	10.92	orig=0.43in
1905	6	10	6	51	p1day	1.02	orig=0.04in
1905	6	11	6	51	p1day	1.02	orig=0.04in
1905	6	12	6	51	p1day	0	orig=0.0in
1905	6	13	6	51	p1day	17.02	orig=0.67in
1905	6	14	6	51	p1day	0	orig=0.0in
1905	6	15	6	51	p1day	0	orig=0.0in
1905	6	16	6	51	p1day	6.1	orig=0.24in
1905	6	17	6	51	p1day	5.08	orig=0.2in
1905	6	18	6	51	p1day	7.11	orig=0.28in
1905	6	19	6	51	p1day	0	orig=0.0in
1905	6	20	6	51	p1day	0	orig=0.0in
1905	6	21	6	51	p1day	0	orig=0.0in
1905	6	22	6	51	p1day	0	orig=0.0in
1905	6	23	6	51	p1day	0	orig=0.0in
1905	6	24	6	51	p1day	0	orig=0.0in
1905	6	25	6	51	p1day	0	orig=0.0in
1905	6	26	6	51	p1day	4.06	orig=0.16in
1905	6	27	6	51	p1day	2.03	orig=0.08in
1905	6	28	6	51	p1day	0	orig=0.0in
1905	6	29	6	51	p1day	0	orig=0.0in
1905	6	30	6	51	p1day	14.99	orig=0.59in
1905	7	1	6	51	p1day	6.1	orig=0.24in
1905	7	2	6	51	p1day	3.05	orig=0.12in
1905	7	3	6	51	p1day	0	orig=0.0in
1905	7	4	6	51	p1day	0	orig=0.0in
1905	7	5	6	51	p1day	21.08	orig=0.83in
1905	7	6	6	51	p1day	0	orig=0.0in
1905	7	7	6	51	p1day	2.03	orig=0.08in
1905	7	8	6	51	p1day	0	orig=0.0in
1905	7	9	6	51	p1day	0	orig=0.0in
1905	7	10	6	51	p1day	0	orig=0.0in
1905	7	11	6	51	p1day	1.02	orig=0.04in
1905	7	12	6	51	p1day	0	orig=0.0in
1905	7	13	6	51	p1day	0	orig=0.0in
1905	7	14	6	51	p1day	0	orig=0.0in
1905	7	15	6	51	p1day	0	orig=0.0in
1905	7	16	6	51	p1day	0	orig=0.0in
1905	7	17	6	51	p1day	0	orig=0.0in
1905	7	18	6	51	p1day	0	orig=0.0in
1905	7	19	6	51	p1day	0	orig=0.0in
1905	7	20	6	51	p1day	0	orig=0.0in
1905	7	21	6	51	p1day	0	orig=0.0in
1905	7	22	6	51	p1day	0	orig=0.0in
1905	7	23	6	51	p1day	1.02	orig=0.04in
1905	7	24	6	51	p1day	17.02	orig=0.67in
1905	7	25	6	51	p1day	0	orig=0.0in
1905	7	26	6	51	p1day	0	orig=0.0in
1905	7	27	6	51	p1day	0	orig=0.0in
1905	7	28	6	51	p1day	0	orig=0.0in
1905	7	29	6	51	p1day	0	orig=0.0in
1905	7	30	6	51	p1day	0	orig=0.0in
1905	7	31	6	51	p1day	0	orig=0.0in
1905	8	1	6	51	p1day	0	orig=0.0in
1905	8	2	6	51	p1day	0	orig=0.0in
1905	8	3	6	51	p1day	0	orig=0.0in
1905	8	4	6	51	p1day	6.1	orig=0.24in
1905	8	5	6	51	p1day	0	orig=0.0in
1905	8	6	6	51	p1day	1.02	orig=0.04in
1905	8	7	6	51	p1day	0	orig=0.0in
1905	8	8	6	51	p1day	4.06	orig=0.16in
1905	8	9	6	51	p1day	0	orig=0.0in
1905	8	10	6	51	p1day	0	orig=0.0in
1905	8	11	6	51	p1day	5.08	orig=0.2in
1905	8	12	6	51	p1day	0	orig=0.0in
1905	8	13	6	51	p1day	0	orig=0.0in
1905	8	14	6	51	p1day	0	orig=0.0in
1905	8	15	6	51	p1day	0	orig=0.0in
1905	8	16	6	51	p1day	6.1	orig=0.24in
1905	8	17	6	51	p1day	0	orig=0.0in
1905	8	18	6	51	p1day	0	orig=0.0in
1905	8	20	6	51	p1day	1.02	orig=0.04in
1905	8	21	6	51	p1day	1.02	orig=0.04in
1905	8	22	6	51	p1day	0	orig=0.0in
1905	8	23	6	51	p1day	2.03	orig=0.08in
1905	8	24	6	51	p1day	2.03	orig=0.08in
1905	8	25	6	51	p1day	0	orig=0.0in
1905	8	26	6	51	p1day	0	orig=0.0in
1905	8	27	6	51	p1day	8.89	orig=0.35in
1905	8	28	6	51	p1day	19.05	orig=0.75in
1905	8	29	6	51	p1day	7.11	orig=0.28in
1905	8	30	6	51	p1day	4.06	orig=0.16in
1905	8	31	6	51	p1day	3.05	orig=0.12in
1905	9	1	6	51	p1day	0	orig=0.0in
1905	9	2	6	51	p1day	3.05	orig=0.12in
1905	9	3	6	51	p1day	0	orig=0.0in
1905	9	4	6	51	p1day	0	orig=0.0in
1905	9	5	6	51	p1day	1.02	orig=0.04in
1905	9	6	6	51	p1day	0	orig=0.0in
1905	9	7	6	51	p1day	5.08	orig=0.2in
1905	9	8	6	51	p1day	3.05	orig=0.12in
1905	9	9	6	51	p1day	21.08	orig=0.83in
1905	9	10	6	51	p1day	9.91	orig=0.39in
1905	9	11	6	51	p1day	16	orig=0.63in
1905	9	12	6	51	p1day	4.06	orig=0.16in
1905	9	13	6	51	p1day	0	orig=0.0in
1905	9	14	6	51	p1day	0	orig=0.0in
1905	9	15	6	51	p1day	0	orig=0.0in
1905	9	16	6	51	p1day	0	orig=0.0in
1905	9	17	6	51	p1day	0	orig=0.0in
1905	9	18	6	51	p1day	0	orig=0.0in
1905	9	19	6	51	p1day	0	orig=0.0in
1905	9	20	6	51	p1day	1.02	orig=0.04in
1905	9	21	6	51	p1day	0	orig=0.0in
1905	9	22	6	51	p1day	2.03	orig=0.08in
1905	9	23	6	51	p1day	0	orig=0.0in
1905	9	24	6	51	p1day	0	orig=0.0in
1905	9	25	6	51	p1day	5.08	orig=0.2in
1905	9	26	6	51	p1day	1.02	orig=0.04in
1905	9	27	6	51	p1day	6.1	orig=0.24in
1905	9	28	6	51	p1day	0	orig=0.0in
1905	9	29	6	51	p1day	2.03	orig=0.08in
1905	9	30	6	51	p1day	34.04	orig=1.34in
1905	10	1	6	51	p1day	0	orig=0.0in
1905	10	2	6	51	p1day	0	orig=0.0in
1905	10	3	6	51	p1day	0	orig=0.0in
1905	10	4	6	51	p1day	0	orig=0.0in
1905	10	5	6	51	p1day	8.89	orig=0.35in
1905	10	6	6	51	p1day	0	orig=0.0in
1905	10	7	6	51	p1day	0	orig=0.0in
1905	10	8	6	51	p1day	0	orig=0.0in
1905	10	9	6	51	p1day	0	orig=0.0in
1905	10	10	6	51	p1day	0	orig=0.0in
1905	10	11	6	51	p1day	14.99	orig=0.59in
1905	10	12	6	51	p1day	8.89	orig=0.35in
1905	10	13	6	51	p1day	0	orig=0.0in
1905	10	14	6	51	p1day	0	orig=0.0in
1905	10	15	6	51	p1day	1.02	orig=0.04in
1905	10	16	6	51	p1day	3.05	orig=0.12in
1905	10	17	6	51	p1day	0	orig=0.0in
1905	10	18	6	51	p1day	0	orig=0.0in
1905	10	19	6	51	p1day	7.11	orig=0.28in
1905	10	20	6	51	p1day	1.02	orig=0.04in
1905	10	21	6	51	p1day	0	orig=0.0in
1905	10	22	6	51	p1day	4.06	orig=0.16in
1905	10	23	6	51	p1day	1.02	orig=0.04in
1905	10	24	6	51	p1day	0	orig=0.0in
1905	10	25	6	51	p1day	4.06	orig=0.16in
1905	10	26	6	51	p1day	6.1	orig=0.24in
1905	10	27	6	51	p1day	8.89	orig=0.35in
1905	10	28	6	51	p1day	7.11	orig=0.28in
1905	10	29	6	51	p1day	0	orig=0.0in
1905	10	30	6	51	p1day	8.13	orig=0.32in
1905	10	31	6	51	p1day	52.07	orig=2.05in
1905	11	1	6	51	p1day	40.13	orig=1.58in
1905	11	2	6	51	p1day	0	orig=0.0in
1905	11	3	6	51	p1day	0	orig=0.0in
1905	11	4	6	51	p1day	0	orig=0.0in
1905	11	5	6	51	p1day	7.11	orig=0.28in
1905	11	6	6	51	p1day	0	orig=0.0in
1905	11	7	6	51	p1day	42.93	orig=1.69in
1905	11	8	6	51	p1day	0	orig=0.0in
1905	11	9	6	51	p1day	6.1	orig=0.24in
1905	11	10	6	51	p1day	0	orig=0.0in
1905	11	11	6	51	p1day	2.03	orig=0.08in
1905	11	12	6	51	p1day	32	orig=1.26in
1905	11	13	6	51	p1day	8.13	orig=0.32in
1905	11	14	6	51	p1day	4.06	orig=0.16in
1905	11	15	6	51	p1day	1.02	orig=0.04in
1905	11	16	6	51	p1day	1.02	orig=0.04in
1905	11	17	6	51	p1day	7.11	orig=0.28in
1905	11	18	6	51	p1day	0	orig=0.0in
1905	11	19	6	51	p1day	0	orig=0.0in
1905	11	20	6	51	p1day	1.02	orig=0.04in
1905	11	21	6	51	p1day	1.02	orig=0.04in
1905	11	22	6	51	p1day	1.02	orig=0.04in
1905	11	23	6	51	p1day	6.1	orig=0.24in
1905	11	24	6	51	p1day	5.08	orig=0.2in
1905	11	25	6	51	p1day	0	orig=0.0in
1905	11	26	6	51	p1day	1.02	orig=0.04in
1905	11	27	6	51	p1day	7.11	orig=0.28in
1905	11	28	6	51	p1day	0	orig=0.0in
1905	11	29	6	51	p1day	3.05	orig=0.12in
1905	11	30	6	51	p1day	0	orig=0.0in
1905	12	1	6	51	p1day	6.1	orig=0.24in
1905	12	2	6	51	p1day	1.02	orig=0.04in
1905	12	3	6	51	p1day	0	orig=0.0in
1905	12	4	6	51	p1day	1.02	orig=0.04in
1905	12	5	6	51	p1day	2.03	orig=0.08in
1905	12	6	6	51	p1day	8.13	orig=0.32in
1905	12	7	6	51	p1day	5.08	orig=0.2in
1905	12	8	6	51	p1day	0	orig=0.0in
1905	12	9	6	51	p1day	7.11	orig=0.28in
1905	12	10	6	51	p1day	0	orig=0.0in
1905	12	11	6	51	p1day	0	orig=0.0in
1905	12	12	6	51	p1day	0	orig=0.0in
1905	12	13	6	51	p1day	0	orig=0.0in
1905	12	14	6	51	p1day	0	orig=0.0in
1905	12	15	6	51	p1day	0	orig=0.0in
1905	12	16	6	51	p1day	0	orig=0.0in
1905	12	17	6	51	p1day	0	orig=0.0in
1905	12	18	6	51	p1day	0	orig=0.0in
1905	12	19	6	51	p1day	0	orig=0.0in
1905	12	20	6	51	p1day	1.02	orig=0.04in
1905	12	21	6	51	p1day	0	orig=0.0in
1905	12	22	6	51	p1day	0	orig=0.0in
1905	12	23	6	51	p1day	0	orig=0.0in
1905	12	24	6	51	p1day	0	orig=0.0in
1905	12	25	6	51	p1day	0	orig=0.0in
1905	12	26	6	51	p1day	0	orig=0.0in
1905	12	27	6	51	p1day	0	orig=0.0in
1905	12	28	6	51	p1day	0	orig=0.0in
1905	12	29	6	51	p1day	1.02	orig=0.04in
1905	12	30	6	51	p1day	2.03	orig=0.08in
1905	12	31	6	51	p1day	5.08	orig=0.2in
1906	1	1	6	51	p1day	0	orig=0.0in
1906	1	2	6	51	p1day	0	orig=0.0in
1906	1	3	6	51	p1day	1.02	orig=0.04in
1906	1	4	6	51	p1day	6.1	orig=0.24in
1906	1	5	6	51	p1day	11.94	orig=0.47in
1906	1	6	6	51	p1day	5.08	orig=0.2in
1906	1	7	6	51	p1day	0	orig=0.0in
1906	1	8	6	51	p1day	13.97	orig=0.55in
1906	1	9	6	51	p1day	0	orig=0.0in
1906	1	10	6	51	p1day	4.06	orig=0.16in
1906	1	11	6	51	p1day	0	orig=0.0in
1906	1	12	6	51	p1day	3.05	orig=0.12in
1906	1	13	6	51	p1day	8.89	orig=0.35in
1906	1	14	6	51	p1day	10.92	orig=0.43in
1906	1	15	6	51	p1day	1.02	orig=0.04in
1906	1	16	6	51	p1day	6.1	orig=0.24in
1906	1	17	6	51	p1day	9.91	orig=0.39in
1906	1	18	6	51	p1day	2.03	orig=0.08in
1906	1	19	6	51	p1day	6.1	orig=0.24in
1906	1	20	6	51	p1day	1.02	orig=0.04in
1906	1	21	6	51	p1day	12.95	orig=0.51in
1906	1	22	6	51	p1day	2.03	orig=0.08in
1906	1	23	6	51	p1day	0	orig=0.0in
1906	1	24	6	51	p1day	0	orig=0.0in
1906	1	25	6	51	p1day	1.02	orig=0.04in
1906	1	26	6	51	p1day	8.13	orig=0.32in
1906	1	27	6	51	p1day	0	orig=0.0in
1906	1	28	6	51	p1day	1.02	orig=0.04in
1906	1	29	6	51	p1day	0	orig=0.0in
1906	1	30	6	51	p1day	6.1	orig=0.24in
1906	1	31	6	51	p1day	0	orig=0.0in
1906	2	1	6	51	p1day	0	orig=0.0in
1906	2	2	6	51	p1day	4.06	orig=0.16in
1906	2	3	6	51	p1day	0	orig=0.0in
1906	2	4	6	51	p1day	1.02	orig=0.04in
1906	2	5	6	51	p1day	5.08	orig=0.2in
1906	2	6	6	51	p1day	0	orig=0.0in
1906	2	7	6	51	p1day	0	orig=0.0in
1906	2	8	6	51	p1day	0	orig=0.0in
1906	2	9	6	51	p1day	7.11	orig=0.28in
1906	2	10	6	51	p1day	1.02	orig=0.04in
1906	2	11	6	51	p1day	9.91	orig=0.39in
1906	2	12	6	51	p1day	7.11	orig=0.28in
1906	2	13	6	51	p1day	0	orig=0.0in
1906	2	14	6	51	p1day	1.02	orig=0.04in
1906	2	15	6	51	p1day	5.08	orig=0.2in
1906	2	16	6	51	p1day	0	orig=0.0in
1906	2	17	6	51	p1day	6.1	orig=0.24in
1906	2	18	6	51	p1day	16	orig=0.63in
1906	2	19	6	51	p1day	4.06	orig=0.16in
1906	2	20	6	51	p1day	0	orig=0.0in
1906	2	21	6	51	p1day	0	orig=0.0in
1906	2	22	6	51	p1day	0	orig=0.0in
1906	2	23	6	51	p1day	0	orig=0.0in
1906	2	24	6	51	p1day	1.02	orig=0.04in
1906	2	25	6	51	p1day	2.03	orig=0.08in
1906	2	26	6	51	p1day	4.06	orig=0.16in
1906	2	27	6	51	p1day	8.89	orig=0.35in
1906	2	28	6	51	p1day	1.02	orig=0.04in
1906	3	1	6	51	p1day	0	orig=0.0in
1906	3	2	6	51	p1day	1.02	orig=0.04in
1906	3	3	6	51	p1day	0	orig=0.0in
1906	3	4	6	51	p1day	0	orig=0.0in
1906	3	5	6	51	p1day	0	orig=0.0in
1906	3	6	6	51	p1day	0	orig=0.0in
1906	3	7	6	51	p1day	0	orig=0.0in
1906	3	8	6	51	p1day	1.02	orig=0.04in
1906	3	9	6	51	p1day	4.06	orig=0.16in
1906	3	10	6	51	p1day	0	orig=0.0in
1906	3	11	6	51	p1day	16	orig=0.63in
1906	3	12	6	51	p1day	4.06	orig=0.16in
1906	3	13	6	51	p1day	3.05	orig=0.12in
1906	3	14	6	51	p1day	3.05	orig=0.12in
1906	3	15	6	51	p1day	2.03	orig=0.08in
1906	3	16	6	51	p1day	1.02	orig=0.04in
1906	3	17	6	51	p1day	4.06	orig=0.16in
1906	3	18	6	51	p1day	0	orig=0.0in
1906	3	19	6	51	p1day	12.95	orig=0.51in
1906	3	20	6	51	p1day	3.05	orig=0.12in
1906	3	21	6	51	p1day	8.89	orig=0.35in
1906	3	22	6	51	p1day	0	orig=0.0in
1906	3	23	6	51	p1day	1.02	orig=0.04in
1906	3	24	6	51	p1day	1.02	orig=0.04in
1906	3	25	6	51	p1day	1.02	orig=0.04in
1906	3	26	6	51	p1day	4.06	orig=0.16in
1906	3	27	6	51	p1day	2.03	orig=0.08in
1906	3	28	6	51	p1day	0	orig=0.0in
1906	3	29	6	51	p1day	0	orig=0.0in
1906	3	30	6	51	p1day	0	orig=0.0in
1906	3	31	6	51	p1day	0	orig=0.0in
1906	4	1	6	51	p1day	0	orig=0.0in
1906	4	2	6	51	p1day	0	orig=0.0in
1906	4	3	6	51	p1day	0	orig=0.0in
1906	4	4	6	51	p1day	0	orig=0.0in
1906	4	5	6	51	p1day	0	orig=0.0in
1906	4	6	6	51	p1day	0	orig=0.0in
1906	4	7	6	51	p1day	1.02	orig=0.04in
1906	4	8	6	51	p1day	0	orig=0.0in
1906	4	9	6	51	p1day	0	orig=0.0in
1906	4	10	6	51	p1day	0	orig=0.0in
1906	4	11	6	51	p1day	0	orig=0.0in
1906	4	12	6	51	p1day	0	orig=0.0in
1906	4	13	6	51	p1day	0	orig=0.0in
1906	4	14	6	51	p1day	0	orig=0.0in
1906	4	15	6	51	p1day	0	orig=0.0in
1906	4	16	6	51	p1day	0	orig=0.0in
1906	4	17	6	51	p1day	0	orig=0.0in
1906	4	18	6	51	p1day	0	orig=0.0in
1906	4	19	6	51	p1day	19.05	orig=0.75in
1906	4	20	6	51	p1day	5.08	orig=0.2in
1906	4	21	6	51	p1day	0	orig=0.0in
1906	4	22	6	51	p1day	4.06	orig=0.16in
1906	4	23	6	51	p1day	6.1	orig=0.24in
1906	4	24	6	51	p1day	1.02	orig=0.04in
1906	4	25	6	51	p1day	0	orig=0.0in
1906	4	26	6	51	p1day	0	orig=0.0in
1906	4	27	6	51	p1day	0	orig=0.0in
1906	4	28	6	51	p1day	1.02	orig=0.04in
1906	4	29	6	51	p1day	3.05	orig=0.12in
1906	4	30	6	51	p1day	4.06	orig=0.16in
1906	5	1	6	51	p1day	9.91	orig=0.39in
1906	5	2	6	51	p1day	0	orig=0.0in
1906	5	3	6	51	p1day	7.11	orig=0.28in
1906	5	4	6	51	p1day	14.99	orig=0.59in
1906	5	5	6	51	p1day	0	orig=0.0in
1906	5	6	6	51	p1day	0	orig=0.0in
1906	5	7	6	51	p1day	0	orig=0.0in
1906	5	8	6	51	p1day	0	orig=0.0in
1906	5	9	6	51	p1day	0	orig=0.0in
1906	5	10	6	51	p1day	17.02	orig=0.67in
1906	5	11	6	51	p1day	7.11	orig=0.28in
1906	5	12	6	51	p1day	0	orig=0.0in
1906	5	13	6	51	p1day	7.11	orig=0.28in
1906	5	14	6	51	p1day	0	orig=0.0in
1906	5	15	6	51	p1day	0	orig=0.0in
1906	5	16	6	51	p1day	0	orig=0.0in
1906	5	17	6	51	p1day	7.11	orig=0.28in
1906	5	18	6	51	p1day	0	orig=0.0in
1906	5	19	6	51	p1day	0	orig=0.0in
1906	5	20	6	51	p1day	0	orig=0.0in
1906	5	21	6	51	p1day	25.15	orig=0.99in
1906	5	22	6	51	p1day	0	orig=0.0in
1906	5	23	6	51	p1day	0	orig=0.0in
1906	5	24	6	51	p1day	42.93	orig=1.69in
1906	5	25	6	51	p1day	0	orig=0.0in
1906	5	26	6	51	p1day	0	orig=0.0in
1906	5	27	6	51	p1day	16	orig=0.63in
1906	5	28	6	51	p1day	4.06	orig=0.16in
1906	5	29	6	51	p1day	1.02	orig=0.04in
1906	5	30	6	51	p1day	0	orig=0.0in
1906	5	31	6	51	p1day	0	orig=0.0in
1906	6	1	6	51	p1day	0	orig=0.0in
1906	6	2	6	51	p1day	4.06	orig=0.16in
1906	6	3	6	51	p1day	6.1	orig=0.24in
1906	6	4	6	51	p1day	0	orig=0.0in
1906	6	5	6	51	p1day	0	orig=0.0in
1906	6	6	6	51	p1day	0	orig=0.0in
1906	6	7	6	51	p1day	0	orig=0.0in
1906	6	8	6	51	p1day	0	orig=0.0in
1906	6	9	6	51	p1day	0	orig=0.0in
1906	6	10	6	51	p1day	0	orig=0.0in
1906	6	11	6	51	p1day	0	orig=0.0in
1906	6	12	6	51	p1day	1.02	orig=0.04in
1906	6	13	6	51	p1day	0	orig=0.0in
1906	6	14	6	51	p1day	0	orig=0.0in
1906	6	15	6	51	p1day	0	orig=0.0in
1906	6	16	6	51	p1day	4.06	orig=0.16in
1906	6	17	6	51	p1day	8.89	orig=0.35in
1906	6	18	6	51	p1day	0	orig=0.0in
1906	6	19	6	51	p1day	0	orig=0.0in
1906	6	20	6	51	p1day	0	orig=0.0in
1906	6	21	6	51	p1day	0	orig=0.0in
1906	6	22	6	51	p1day	1.02	orig=0.04in
1906	6	23	6	51	p1day	1.02	orig=0.04in
1906	6	24	6	51	p1day	23.11	orig=0.91in
1906	6	25	6	51	p1day	1.02	orig=0.04in
1906	6	26	6	51	p1day	0	orig=0.0in
1906	6	27	6	51	p1day	0	orig=0.0in
1906	6	28	6	51	p1day	1.02	orig=0.04in
1906	6	29	6	51	p1day	17.02	orig=0.67in
1906	6	30	6	51	p1day	6.1	orig=0.24in
1906	7	1	6	51	p1day	0	orig=0.0in
1906	7	2	6	51	p1day	0	orig=0.0in
1906	7	3	6	51	p1day	0	orig=0.0in
1906	7	4	6	51	p1day	0	orig=0.0in
1906	7	5	6	51	p1day	0	orig=0.0in
1906	7	6	6	51	p1day	0	orig=0.0in
1906	7	7	6	51	p1day	0	orig=0.0in
1906	7	8	6	51	p1day	0	orig=0.0in
1906	7	9	6	51	p1day	0	orig=0.0in
1906	7	10	6	51	p1day	0	orig=0.0in
1906	7	11	6	51	p1day	0	orig=0.0in
1906	7	12	6	51	p1day	1.02	orig=0.04in
1906	7	13	6	51	p1day	0	orig=0.0in
1906	7	14	6	51	p1day	1.02	orig=0.04in
1906	7	15	6	51	p1day	0	orig=0.0in
1906	7	16	6	51	p1day	0	orig=0.0in
1906	7	17	6	51	p1day	1.02	orig=0.04in
1906	7	18	6	51	p1day	0	orig=0.0in
1906	7	19	6	51	p1day	0	orig=0.0in
1906	7	20	6	51	p1day	5.08	orig=0.2in
1906	7	21	6	51	p1day	0	orig=0.0in
1906	7	22	6	51	p1day	1.02	orig=0.04in
1906	7	23	6	51	p1day	0	orig=0.0in
1906	7	24	6	51	p1day	0	orig=0.0in
1906	7	25	6	51	p1day	0	orig=0.0in
1906	7	26	6	51	p1day	0	orig=0.0in
1906	7	27	6	51	p1day	0	orig=0.0in
1906	7	28	6	51	p1day	0	orig=0.0in
1906	7	29	6	51	p1day	0	orig=0.0in
1906	7	30	6	51	p1day	0	orig=0.0in
1906	7	31	6	51	p1day	0	orig=0.0in
1906	8	1	6	51	p1day	3.05	orig=0.12in
1906	8	2	6	51	p1day	0	orig=0.0in
1906	8	3	6	51	p1day	0	orig=0.0in
1906	8	4	6	51	p1day	0	orig=0.0in
1906	8	5	6	51	p1day	0	orig=0.0in
1906	8	6	6	51	p1day	0	orig=0.0in
1906	8	7	6	51	p1day	0	orig=0.0in
1906	8	8	6	51	p1day	0	orig=0.0in
1906	8	9	6	51	p1day	2.03	orig=0.08in
1906	8	10	6	51	p1day	0	orig=0.0in
1906	8	11	6	51	p1day	4.06	orig=0.16in
1906	8	12	6	51	p1day	0	orig=0.0in
1906	8	13	6	51	p1day	0	orig=0.0in
1906	8	14	6	51	p1day	0	orig=0.0in
1906	8	15	6	51	p1day	2.03	orig=0.08in
1906	8	16	6	51	p1day	0	orig=0.0in
1906	8	17	6	51	p1day	5.08	orig=0.2in
1906	8	18	6	51	p1day	2.03	orig=0.08in
1906	8	19	6	51	p1day	0	orig=0.0in
1906	8	20	6	51	p1day	0	orig=0.0in
1906	8	21	6	51	p1day	1.02	orig=0.04in
1906	8	22	6	51	p1day	0	orig=0.0in
1906	8	23	6	51	p1day	0	orig=0.0in
1906	8	24	6	51	p1day	0	orig=0.0in
1906	8	25	6	51	p1day	4.06	orig=0.16in
1906	8	26	6	51	p1day	1.02	orig=0.04in
1906	8	27	6	51	p1day	0	orig=0.0in
1906	8	28	6	51	p1day	0	orig=0.0in
1906	8	29	6	51	p1day	0	orig=0.0in
1906	8	30	6	51	p1day	0	orig=0.0in
1906	8	31	6	51	p1day	0	orig=0.0in
1906	9	1	6	51	p1day	0	orig=0.0in
1906	9	2	6	51	p1day	0	orig=0.0in
1906	9	3	6	51	p1day	0	orig=0.0in
1906	9	4	6	51	p1day	0	orig=0.0in
1906	9	5	6	51	p1day	3.05	orig=0.12in
1906	9	6	6	51	p1day	0	orig=0.0in
1906	9	7	6	51	p1day	0	orig=0.0in
1906	9	8	6	51	p1day	0	orig=0.0in
1906	9	9	6	51	p1day	0	orig=0.0in
1906	9	10	6	51	p1day	0	orig=0.0in
1906	9	11	6	51	p1day	0	orig=0.0in
1906	9	12	6	51	p1day	0	orig=0.0in
1906	9	13	6	51	p1day	0	orig=0.0in
1906	9	14	6	51	p1day	2.03	orig=0.08in
1906	9	15	6	51	p1day	7.11	orig=0.28in
1906	9	16	6	51	p1day	7.11	orig=0.28in
1906	9	17	6	51	p1day	4.06	orig=0.16in
1906	9	18	6	51	p1day	33.02	orig=1.3in
1906	9	19	6	51	p1day	4.06	orig=0.16in
1906	9	20	6	51	p1day	5.08	orig=0.2in
1906	9	21	6	51	p1day	8.13	orig=0.32in
1906	9	22	6	51	p1day	0	orig=0.0in
1906	9	23	6	51	p1day	10.92	orig=0.43in
1906	9	24	6	51	p1day	1.02	orig=0.04in
1906	9	25	6	51	p1day	0	orig=0.0in
1906	9	26	6	51	p1day	0	orig=0.0in
1906	9	27	6	51	p1day	0	orig=0.0in
1906	9	28	6	51	p1day	0	orig=0.0in
1906	9	29	6	51	p1day	0	orig=0.0in
1906	9	30	6	51	p1day	0	orig=0.0in
1906	10	1	6	51	p1day	0	orig=0.0in
1906	10	2	6	51	p1day	5.08	orig=0.2in
1906	10	3	6	51	p1day	16	orig=0.63in
1906	10	4	6	51	p1day	0	orig=0.0in
1906	10	5	6	51	p1day	0	orig=0.0in
1906	10	6	6	51	p1day	1.02	orig=0.04in
1906	10	7	6	51	p1day	0	orig=0.0in
1906	10	8	6	51	p1day	0	orig=0.0in
1906	10	9	6	51	p1day	4.06	orig=0.16in
1906	10	10	6	51	p1day	2.03	orig=0.08in
1906	10	11	6	51	p1day	0	orig=0.0in
1906	10	12	6	51	p1day	0	orig=0.0in
1906	10	13	6	51	p1day	1.02	orig=0.04in
1906	10	14	6	51	p1day	11.94	orig=0.47in
1906	10	15	6	51	p1day	4.06	orig=0.16in
1906	10	16	6	51	p1day	7.11	orig=0.28in
1906	10	17	6	51	p1day	3.05	orig=0.12in
1906	10	18	6	51	p1day	0	orig=0.0in
1906	10	19	6	51	p1day	4.06	orig=0.16in
1906	10	20	6	51	p1day	5.08	orig=0.2in
1906	10	21	6	51	p1day	0	orig=0.0in
1906	10	22	6	51	p1day	0	orig=0.0in
1906	10	23	6	51	p1day	10.92	orig=0.43in
1906	10	24	6	51	p1day	3.05	orig=0.12in
1906	10	25	6	51	p1day	0	orig=0.0in
1906	10	26	6	51	p1day	0	orig=0.0in
1906	10	27	6	51	p1day	0	orig=0.0in
1906	10	29	6	51	p1day	3.05	orig=0.12in
1906	10	30	6	51	p1day	38.1	orig=1.5in
1906	10	31	6	51	p1day	5.08	orig=0.2in
1906	11	1	6	51	p1day	8.89	orig=0.35in
1906	11	2	6	51	p1day	2.03	orig=0.08in
1906	11	3	6	51	p1day	11.94	orig=0.47in
1906	11	4	6	51	p1day	3.05	orig=0.12in
1906	11	5	6	51	p1day	19.3	orig=0.76in
1906	11	6	6	51	p1day	1.02	orig=0.04in
1906	11	7	6	51	p1day	8.13	orig=0.32in
1906	11	8	6	51	p1day	4.06	orig=0.16in
1906	11	9	6	51	p1day	17.02	orig=0.67in
1906	11	10	6	51	p1day	28.96	orig=1.14in
1906	11	11	6	51	p1day	0	orig=0.0in
1906	11	12	6	51	p1day	0	orig=0.0in
1906	11	13	6	51	p1day	0	orig=0.0in
1906	11	14	6	51	p1day	0	orig=0.0in
1906	11	15	6	51	p1day	1.02	orig=0.04in
1906	11	16	6	51	p1day	6.1	orig=0.24in
1906	11	17	6	51	p1day	7.11	orig=0.28in
1906	11	18	6	51	p1day	6.1	orig=0.24in
1906	11	19	6	51	p1day	25.91	orig=1.02in
1906	11	20	6	51	p1day	3.05	orig=0.12in
1906	11	21	6	51	p1day	5.08	orig=0.2in
1906	11	22	6	51	p1day	7.11	orig=0.28in
1906	11	23	6	51	p1day	1.02	orig=0.04in
1906	11	24	6	51	p1day	0	orig=0.0in
1906	11	25	6	51	p1day	1.02	orig=0.04in
1906	11	26	6	51	p1day	0	orig=0.0in
1906	11	27	6	51	p1day	0	orig=0.0in
1906	11	28	6	51	p1day	0	orig=0.0in
1906	11	29	6	51	p1day	1.02	orig=0.04in
1906	11	30	6	51	p1day	2.03	orig=0.08in
1906	12	1	6	51	p1day	13.97	orig=0.55in
1906	12	2	6	51	p1day	0	orig=0.0in
1906	12	3	6	51	p1day	0	orig=0.0in
1906	12	4	6	51	p1day	0	orig=0.0in
1906	12	5	6	51	p1day	0	orig=0.0in
1906	12	6	6	51	p1day	7.11	orig=0.28in
1906	12	7	6	51	p1day	17.02	orig=0.67in
1906	12	8	6	51	p1day	0	orig=0.0in
1906	12	9	6	51	p1day	6.1	orig=0.24in
1906	12	10	6	51	p1day	0	orig=0.0in
1906	12	11	6	51	p1day	0	orig=0.0in
1906	12	12	6	51	p1day	6.1	orig=0.24in
1906	12	13	6	51	p1day	5.08	orig=0.2in
1906	12	14	6	51	p1day	11.94	orig=0.47in
1906	12	15	6	51	p1day	0	orig=0.0in
1906	12	16	6	51	p1day	0	orig=0.0in
1906	12	17	6	51	p1day	2.03	orig=0.08in
1906	12	18	6	51	p1day	1.02	orig=0.04in
1906	12	19	6	51	p1day	0	orig=0.0in
1906	12	20	6	51	p1day	0	orig=0.0in
1906	12	21	6	51	p1day	0	orig=0.0in
1906	12	22	6	51	p1day	0	orig=0.0in
1906	12	23	6	51	p1day	0	orig=0.0in
1906	12	24	6	51	p1day	0	orig=0.0in
1906	12	25	6	51	p1day	5.08	orig=0.2in
1906	12	26	6	51	p1day	1.02	orig=0.04in
1906	12	27	6	51	p1day	3.05	orig=0.12in
1906	12	28	6	51	p1day	2.03	orig=0.08in
1906	12	29	6	51	p1day	0	orig=0.0in
1906	12	30	6	51	p1day	0	orig=0.0in
1906	12	31	6	51	p1day	8.13	orig=0.32in
1907	1	1	6	51	p1day	5.08	orig=0.2in
1907	1	2	6	51	p1day	16.51	orig=0.65in
1907	1	3	6	51	p1day	20.07	orig=0.79in
1907	1	4	6	51	p1day	0	orig=0.0in
1907	1	5	6	51	p1day	1.02	orig=0.04in
1907	1	6	6	51	p1day	2.03	orig=0.08in
1907	1	7	6	51	p1day	0	orig=0.0in
1907	1	8	6	51	p1day	0	orig=0.0in
1907	1	9	6	51	p1day	0	orig=0.0in
1907	1	10	6	51	p1day	0	orig=0.0in
1907	1	11	6	51	p1day	5.08	orig=0.2in
1907	1	12	6	51	p1day	0	orig=0.0in
1907	1	13	6	51	p1day	0	orig=0.0in
1907	1	14	6	51	p1day	0	orig=0.0in
1907	1	15	6	51	p1day	0	orig=0.0in
1907	1	16	6	51	p1day	0	orig=0.0in
1907	1	17	6	51	p1day	0	orig=0.0in
1907	1	18	6	51	p1day	0	orig=0.0in
1907	1	19	6	51	p1day	0	orig=0.0in
1907	1	20	6	51	p1day	1.02	orig=0.04in
1907	1	21	6	51	p1day	0	orig=0.0in
1907	1	22	6	51	p1day	4.06	orig=0.16in
1907	1	23	6	51	p1day	0	orig=0.0in
1907	1	24	6	51	p1day	0	orig=0.0in
1907	1	25	6	51	p1day	0	orig=0.0in
1907	1	26	6	51	p1day	0	orig=0.0in
1907	1	27	6	51	p1day	0	orig=0.0in
1907	1	28	6	51	p1day	2.03	orig=0.08in
1907	1	30	6	51	p1day	0	orig=0.0in
1907	1	31	6	51	p1day	0	orig=0.0in
1907	2	1	6	51	p1day	0	orig=0.0in
1907	2	2	6	51	p1day	1.02	orig=0.04in
1907	2	3	6	51	p1day	0	orig=0.0in
1907	2	4	6	51	p1day	0	orig=0.0in
1907	2	5	6	51	p1day	1.02	orig=0.04in
1907	2	6	6	51	p1day	0	orig=0.0in
1907	2	7	6	51	p1day	0	orig=0.0in
1907	2	8	6	51	p1day	0	orig=0.0in
1907	2	9	6	51	p1day	0	orig=0.0in
1907	2	10	6	51	p1day	1.02	orig=0.04in
1907	2	11	6	51	p1day	2.03	orig=0.08in
1907	2	12	6	51	p1day	3.05	orig=0.12in
1907	2	13	6	51	p1day	14.99	orig=0.59in
1907	2	14	6	51	p1day	1.02	orig=0.04in
1907	2	15	6	51	p1day	0	orig=0.0in
1907	2	16	6	51	p1day	6.1	orig=0.24in
1907	2	17	6	51	p1day	2.03	orig=0.08in
1907	2	18	6	51	p1day	0	orig=0.0in
1907	2	19	6	51	p1day	1.02	orig=0.04in
1907	2	20	6	51	p1day	8.13	orig=0.32in
1907	2	21	6	51	p1day	0	orig=0.0in
1907	2	22	6	51	p1day	0	orig=0.0in
1907	2	23	6	51	p1day	0	orig=0.0in
1907	2	24	6	51	p1day	0	orig=0.0in
1907	2	25	6	51	p1day	1.02	orig=0.04in
1907	2	26	6	51	p1day	0	orig=0.0in
1907	2	27	6	51	p1day	0	orig=0.0in
1907	2	28	6	51	p1day	0	orig=0.0in
1907	3	1	6	51	p1day	0	orig=0.0in
1907	3	2	6	51	p1day	0	orig=0.0in
1907	3	3	6	51	p1day	0	orig=0.0in
1907	3	4	6	51	p1day	0	orig=0.0in
1907	3	5	6	51	p1day	0	orig=0.0in
1907	3	6	6	51	p1day	6.1	orig=0.24in
1907	3	7	6	51	p1day	0	orig=0.0in
1907	3	8	6	51	p1day	2.03	orig=0.08in
1907	3	9	6	51	p1day	0	orig=0.0in
1907	3	10	6	51	p1day	2.03	orig=0.08in
1907	3	11	6	51	p1day	1.02	orig=0.04in
1907	3	12	6	51	p1day	0	orig=0.0in
1907	3	13	6	51	p1day	5.08	orig=0.2in
1907	3	14	6	51	p1day	4.06	orig=0.16in
1907	3	15	6	51	p1day	1.02	orig=0.04in
1907	3	16	6	51	p1day	4.06	orig=0.16in
1907	3	17	6	51	p1day	2.03	orig=0.08in
1907	3	18	6	51	p1day	1.02	orig=0.04in
1907	3	19	6	51	p1day	0	orig=0.0in
1907	3	20	6	51	p1day	0	orig=0.0in
1907	3	21	6	51	p1day	3.05	orig=0.12in
1907	3	22	6	51	p1day	0	orig=0.0in
1907	3	23	6	51	p1day	0	orig=0.0in
1907	3	24	6	51	p1day	0	orig=0.0in
1907	3	25	6	51	p1day	0	orig=0.0in
1907	3	26	6	51	p1day	0	orig=0.0in
1907	3	27	6	51	p1day	0	orig=0.0in
1907	3	28	6	51	p1day	0	orig=0.0in
1907	3	29	6	51	p1day	0	orig=0.0in
1907	3	30	6	51	p1day	0	orig=0.0in
1907	3	31	6	51	p1day	0	orig=0.0in
1907	4	1	6	51	p1day	0	orig=0.0in
1907	4	2	6	51	p1day	0	orig=0.0in
1907	4	3	6	51	p1day	0	orig=0.0in
1907	4	4	6	51	p1day	9.91	orig=0.39in
1907	4	5	6	51	p1day	0	orig=0.0in
1907	4	6	6	51	p1day	1.02	orig=0.04in
1907	4	7	6	51	p1day	7.11	orig=0.28in
1907	4	8	6	51	p1day	3.05	orig=0.12in
1907	4	9	6	51	p1day	4.06	orig=0.16in
1907	4	10	6	51	p1day	0	orig=0.0in
1907	4	11	6	51	p1day	0	orig=0.0in
1907	4	12	6	51	p1day	0	orig=0.0in
1907	4	13	6	51	p1day	8.13	orig=0.32in
1907	4	14	6	51	p1day	0	orig=0.0in
1907	4	15	6	51	p1day	8.13	orig=0.32in
1907	4	16	6	51	p1day	0	orig=0.0in
1907	4	17	6	51	p1day	0	orig=0.0in
1907	4	18	6	51	p1day	0	orig=0.0in
1907	4	19	6	51	p1day	0	orig=0.0in
1907	4	20	6	51	p1day	0	orig=0.0in
1907	4	21	6	51	p1day	0	orig=0.0in
1907	4	22	6	51	p1day	11.94	orig=0.47in
1907	4	23	6	51	p1day	0	orig=0.0in
1907	4	24	6	51	p1day	0	orig=0.0in
1907	4	25	6	51	p1day	0	orig=0.0in
1907	4	26	6	51	p1day	0	orig=0.0in
1907	4	27	6	51	p1day	14.99	orig=0.59in
1907	4	28	6	51	p1day	2.03	orig=0.08in
1907	4	29	6	51	p1day	2.03	orig=0.08in
1907	4	30	6	51	p1day	0	orig=0.0in
1907	5	1	6	51	p1day	5.08	orig=0.2in
1907	5	2	6	51	p1day	9.91	orig=0.39in
1907	5	3	6	51	p1day	7.11	orig=0.28in
1907	5	4	6	51	p1day	17.02	orig=0.67in
1907	5	5	6	51	p1day	0	orig=0.0in
1907	5	6	6	51	p1day	0	orig=0.0in
1907	5	7	6	51	p1day	0	orig=0.0in
1907	5	8	6	51	p1day	3.05	orig=0.12in
1907	5	9	6	51	p1day	3.05	orig=0.12in
1907	5	10	6	51	p1day	0	orig=0.0in
1907	5	11	6	51	p1day	0	orig=0.0in
1907	5	12	6	51	p1day	0	orig=0.0in
1907	5	13	6	51	p1day	0	orig=0.0in
1907	5	14	6	51	p1day	2.03	orig=0.08in
1907	5	15	6	51	p1day	0	orig=0.0in
1907	5	16	6	51	p1day	2.03	orig=0.08in
1907	5	17	6	51	p1day	3.05	orig=0.12in
1907	5	18	6	51	p1day	0	orig=0.0in
1907	5	19	6	51	p1day	1.02	orig=0.04in
1907	5	20	6	51	p1day	0	orig=0.0in
1907	5	21	6	51	p1day	3.05	orig=0.12in
1907	5	22	6	51	p1day	0	orig=0.0in
1907	5	23	6	51	p1day	0	orig=0.0in
1907	5	24	6	51	p1day	4.06	orig=0.16in
1907	5	25	6	51	p1day	8.13	orig=0.32in
1907	5	26	6	51	p1day	0	orig=0.0in
1907	5	27	6	51	p1day	0	orig=0.0in
1907	5	28	6	51	p1day	0	orig=0.0in
1907	5	29	6	51	p1day	0	orig=0.0in
1907	5	30	6	51	p1day	0	orig=0.0in
1907	5	31	6	51	p1day	0	orig=0.0in
1907	6	1	6	51	p1day	12.95	orig=0.51in
1907	6	2	6	51	p1day	8.89	orig=0.35in
1907	6	3	6	51	p1day	4.06	orig=0.16in
1907	6	4	6	51	p1day	0	orig=0.0in
1907	6	5	6	51	p1day	0	orig=0.0in
1907	6	6	6	51	p1day	8.89	orig=0.35in
1907	6	7	6	51	p1day	1.02	orig=0.04in
1907	6	8	6	51	p1day	0	orig=0.0in
1907	6	9	6	51	p1day	0	orig=0.0in
1907	6	10	6	51	p1day	3.05	orig=0.12in
1907	6	11	6	51	p1day	0	orig=0.0in
1907	6	12	6	51	p1day	12.95	orig=0.51in
1907	6	13	6	51	p1day	1.02	orig=0.04in
1907	6	14	6	51	p1day	0	orig=0.0in
1907	6	15	6	51	p1day	1.02	orig=0.04in
1907	6	16	6	51	p1day	3.05	orig=0.12in
1907	6	17	6	51	p1day	0	orig=0.0in
1907	6	18	6	51	p1day	0	orig=0.0in
1907	6	19	6	51	p1day	0	orig=0.0in
1907	6	20	6	51	p1day	0	orig=0.0in
1907	6	21	6	51	p1day	0	orig=0.0in
1907	6	22	6	51	p1day	0	orig=0.0in
1907	6	23	6	51	p1day	0	orig=0.0in
1907	6	24	6	51	p1day	1.02	orig=0.04in
1907	6	25	6	51	p1day	0	orig=0.0in
1907	6	26	6	51	p1day	4.06	orig=0.16in
1907	6	27	6	51	p1day	1.02	orig=0.04in
1907	6	28	6	51	p1day	2.03	orig=0.08in
1907	6	29	6	51	p1day	7.11	orig=0.28in
1907	6	30	6	51	p1day	0	orig=0.0in
1907	7	1	6	51	p1day	1.02	orig=0.04in
1907	7	2	6	51	p1day	0	orig=0.0in
1907	7	3	6	51	p1day	0	orig=0.0in
1907	7	4	6	51	p1day	7.11	orig=0.28in
1907	7	5	6	51	p1day	3.05	orig=0.12in
1907	7	6	6	51	p1day	0	orig=0.0in
1907	7	7	6	51	p1day	0	orig=0.0in
1907	7	8	6	51	p1day	1.02	orig=0.04in
1907	7	9	6	51	p1day	1.02	orig=0.04in
1907	7	10	6	51	p1day	8.13	orig=0.32in
1907	7	11	6	51	p1day	1.02	orig=0.04in
1907	7	12	6	51	p1day	0	orig=0.0in
1907	7	13	6	51	p1day	0	orig=0.0in
1907	7	14	6	51	p1day	0	orig=0.0in
1907	7	15	6	51	p1day	0	orig=0.0in
1907	7	16	6	51	p1day	0	orig=0.0in
1907	7	17	6	51	p1day	1.02	orig=0.04in
1907	7	18	6	51	p1day	0	orig=0.0in
1907	7	19	6	51	p1day	0	orig=0.0in
1907	7	20	6	51	p1day	0	orig=0.0in
1907	7	21	6	51	p1day	0	orig=0.0in
1907	7	22	6	51	p1day	0	orig=0.0in
1907	7	23	6	51	p1day	0	orig=0.0in
1907	7	24	6	51	p1day	0	orig=0.0in
1907	7	25	6	51	p1day	0	orig=0.0in
1907	7	26	6	51	p1day	0	orig=0.0in
1907	7	27	6	51	p1day	4.06	orig=0.16in
1907	7	28	6	51	p1day	5.08	orig=0.2in
1907	7	29	6	51	p1day	0	orig=0.0in
1907	7	30	6	51	p1day	2.03	orig=0.08in
1907	7	31	6	51	p1day	4.06	orig=0.16in
1907	8	1	6	51	p1day	0	orig=0.0in
1907	8	2	6	51	p1day	0	orig=0.0in
1907	8	3	6	51	p1day	1.02	orig=0.04in
1907	8	4	6	51	p1day	0	orig=0.0in
1907	8	5	6	51	p1day	0	orig=0.0in
1907	8	6	6	51	p1day	2.03	orig=0.08in
1907	8	7	6	51	p1day	0	orig=0.0in
1907	8	8	6	51	p1day	0	orig=0.0in
1907	8	9	6	51	p1day	0	orig=0.0in
1907	8	10	6	51	p1day	2.03	orig=0.08in
1907	8	11	6	51	p1day	5.08	orig=0.2in
1907	8	12	6	51	p1day	0	orig=0.0in
1907	8	13	6	51	p1day	0	orig=0.0in
1907	8	14	6	51	p1day	0	orig=0.0in
1907	8	15	6	51	p1day	8.89	orig=0.35in
1907	8	16	6	51	p1day	0	orig=0.0in
1907	8	17	6	51	p1day	4.06	orig=0.16in
1907	8	18	6	51	p1day	5.08	orig=0.2in
1907	8	19	6	51	p1day	6.1	orig=0.24in
1907	8	20	6	51	p1day	5.08	orig=0.2in
1907	8	21	6	51	p1day	1.02	orig=0.04in
1907	8	22	6	51	p1day	0	orig=0.0in
1907	8	23	6	51	p1day	2.03	orig=0.08in
1907	8	24	6	51	p1day	0	orig=0.0in
1907	8	25	6	51	p1day	0	orig=0.0in
1907	8	26	6	51	p1day	0	orig=0.0in
1907	8	27	6	51	p1day	0	orig=0.0in
1907	8	28	6	51	p1day	0	orig=0.0in
1907	8	29	6	51	p1day	0	orig=0.0in
1907	8	30	6	51	p1day	0	orig=0.0in
1907	8	31	6	51	p1day	0	orig=0.0in
1907	9	1	6	51	p1day	0	orig=0.0in
1907	9	2	6	51	p1day	0	orig=0.0in
1907	9	3	6	51	p1day	7.11	orig=0.28in
1907	9	4	6	51	p1day	8.89	orig=0.35in
1907	9	5	6	51	p1day	5.08	orig=0.2in
1907	9	6	6	51	p1day	2.03	orig=0.08in
1907	9	7	6	51	p1day	1.02	orig=0.04in
1907	9	8	6	51	p1day	0	orig=0.0in
1907	9	9	6	51	p1day	0	orig=0.0in
1907	9	10	6	51	p1day	0	orig=0.0in
1907	9	11	6	51	p1day	0	orig=0.0in
1907	9	12	6	51	p1day	0	orig=0.0in
1907	9	13	6	51	p1day	0	orig=0.0in
1907	9	14	6	51	p1day	0	orig=0.0in
1907	9	15	6	51	p1day	0	orig=0.0in
1907	9	16	6	51	p1day	0	orig=0.0in
1907	9	17	6	51	p1day	0	orig=0.0in
1907	9	18	6	51	p1day	0	orig=0.0in
1907	9	19	6	51	p1day	0	orig=0.0in
1907	9	20	6	51	p1day	0	orig=0.0in
1907	9	21	6	51	p1day	0	orig=0.0in
1907	9	22	6	51	p1day	0	orig=0.0in
1907	9	23	6	51	p1day	0	orig=0.0in
1907	9	24	6	51	p1day	0	orig=0.0in
1907	9	25	6	51	p1day	0	orig=0.0in
1907	9	26	6	51	p1day	0	orig=0.0in
1907	9	27	6	51	p1day	0	orig=0.0in
1907	9	28	6	51	p1day	0	orig=0.0in
1907	9	29	6	51	p1day	0	orig=0.0in
1907	9	30	6	51	p1day	0	orig=0.0in
1907	10	1	6	51	p1day	9.91	orig=0.39in
1907	10	2	6	51	p1day	8.13	orig=0.32in
1907	10	3	6	51	p1day	12.95	orig=0.51in
1907	10	4	6	51	p1day	51.05	orig=2.01in
1907	10	5	6	51	p1day	33.02	orig=1.3in
1907	10	6	6	51	p1day	37.08	orig=1.46in
1907	10	7	6	51	p1day	14.99	orig=0.59in
1907	10	8	6	51	p1day	17.02	orig=0.67in
1907	10	9	6	51	p1day	0	orig=0.0in
1907	10	10	6	51	p1day	0	orig=0.0in
1907	10	11	6	51	p1day	5.08	orig=0.2in
1907	10	12	6	51	p1day	1.02	orig=0.04in
1907	10	13	6	51	p1day	12.95	orig=0.51in
1907	10	14	6	51	p1day	16	orig=0.63in
1907	10	15	6	51	p1day	22.1	orig=0.87in
1907	10	16	6	51	p1day	4.06	orig=0.16in
1907	10	17	6	51	p1day	1.02	orig=0.04in
1907	10	18	6	51	p1day	5.08	orig=0.2in
1907	10	19	6	51	p1day	5.08	orig=0.2in
1907	10	20	6	51	p1day	6.1	orig=0.24in
1907	10	21	6	51	p1day	1.02	orig=0.04in
1907	10	22	6	51	p1day	2.03	orig=0.08in
1907	10	23	6	51	p1day	0	orig=0.0in
1907	10	24	6	51	p1day	0	orig=0.0in
1907	10	25	6	51	p1day	0	orig=0.0in
1907	10	26	6	51	p1day	2.03	orig=0.08in
1907	10	27	6	51	p1day	0	orig=0.0in
1907	10	28	6	51	p1day	0	orig=0.0in
1907	10	29	6	51	p1day	4.06	orig=0.16in
1907	10	30	6	51	p1day	8.13	orig=0.32in
1907	10	31	6	51	p1day	9.91	orig=0.39in
1907	11	1	6	51	p1day	0	orig=0.0in
1907	11	2	6	51	p1day	0	orig=0.0in
1907	11	3	6	51	p1day	0	orig=0.0in
1907	11	4	6	51	p1day	1.02	orig=0.04in
1907	11	5	6	51	p1day	0	orig=0.0in
1907	11	6	6	51	p1day	0	orig=0.0in
1907	11	7	6	51	p1day	0	orig=0.0in
1907	11	8	6	51	p1day	0	orig=0.0in
1907	11	9	6	51	p1day	0	orig=0.0in
1907	11	10	6	51	p1day	0	orig=0.0in
1907	11	11	6	51	p1day	0	orig=0.0in
1907	11	12	6	51	p1day	0	orig=0.0in
1907	11	13	6	51	p1day	0	orig=0.0in
1907	11	14	6	51	p1day	0	orig=0.0in
1907	11	15	6	51	p1day	3.05	orig=0.12in
1907	11	16	6	51	p1day	0	orig=0.0in
1907	11	18	6	51	p1day	0	orig=0.0in
1907	11	19	6	51	p1day	0	orig=0.0in
1907	11	20	6	51	p1day	0	orig=0.0in
1907	11	21	6	51	p1day	0	orig=0.0in
1907	11	22	6	51	p1day	0	orig=0.0in
1907	11	23	6	51	p1day	0	orig=0.0in
1907	11	25	6	51	p1day	2.03	orig=0.08in
1907	11	26	6	51	p1day	11.94	orig=0.47in
1907	11	27	6	51	p1day	24.13	orig=0.95in
1907	11	28	6	51	p1day	2.03	orig=0.08in
1907	11	29	6	51	p1day	0	orig=0.0in
1907	11	30	6	51	p1day	1.02	orig=0.04in
1907	12	1	6	51	p1day	0	orig=0.0in
1907	12	2	6	51	p1day	0	orig=0.0in
1907	12	3	6	51	p1day	0	orig=0.0in
1907	12	4	6	51	p1day	11.94	orig=0.47in
1907	12	5	6	51	p1day	9.91	orig=0.39in
1907	12	6	6	51	p1day	2.03	orig=0.08in
1907	12	7	6	51	p1day	0	orig=0.0in
1907	12	8	6	51	p1day	26.92	orig=1.06in
1907	12	9	6	51	p1day	1.02	orig=0.04in
1907	12	10	6	51	p1day	20.07	orig=0.79in
1907	12	11	6	51	p1day	8.13	orig=0.32in
1907	12	12	6	51	p1day	23.11	orig=0.91in
1907	12	13	6	51	p1day	2.03	orig=0.08in
1907	12	14	6	51	p1day	22.1	orig=0.87in
1907	12	15	6	51	p1day	1.02	orig=0.04in
1907	12	16	6	51	p1day	9.91	orig=0.39in
1907	12	17	6	51	p1day	0	orig=0.0in
1907	12	18	6	51	p1day	0	orig=0.0in
1907	12	19	6	51	p1day	1.02	orig=0.04in
1907	12	20	6	51	p1day	4.06	orig=0.16in
1907	12	21	6	51	p1day	0	orig=0.0in
1907	12	22	6	51	p1day	2.03	orig=0.08in
1907	12	23	6	51	p1day	0	orig=0.0in
1907	12	24	6	51	p1day	0	orig=0.0in
1907	12	25	6	51	p1day	0	orig=0.0in
1907	12	26	6	51	p1day	0	orig=0.0in
1907	12	27	6	51	p1day	0	orig=0.0in
1907	12	28	6	51	p1day	0	orig=0.0in
1907	12	29	6	51	p1day	0	orig=0.0in
1907	12	30	6	51	p1day	0	orig=0.0in
1907	12	31	6	51	p1day	0	orig=0.0in
1908	1	1	6	51	p1day	0	orig=0.0in
1908	1	2	6	51	p1day	0	orig=0.0in
1908	1	3	6	51	p1day	0	orig=0.0in
1908	1	4	6	51	p1day	0	orig=0.0in
1908	1	5	6	51	p1day	0	orig=0.0in
1908	1	6	6	51	p1day	0	orig=0.0in
1908	1	7	6	51	p1day	14.99	orig=0.59in
1908	1	8	6	51	p1day	19.05	orig=0.75in
1908	1	9	6	51	p1day	34.04	orig=1.34in
1908	1	10	6	51	p1day	0	orig=0.0in
1908	1	11	6	51	p1day	0	orig=0.0in
1908	1	12	6	51	p1day	0	orig=0.0in
1908	1	13	6	51	p1day	0	orig=0.0in
1908	1	14	6	51	p1day	0	orig=0.0in
1908	1	15	6	51	p1day	0	orig=0.0in
1908	1	16	6	51	p1day	0	orig=0.0in
1908	1	17	6	51	p1day	0	orig=0.0in
1908	1	18	6	51	p1day	0	orig=0.0in
1908	1	19	6	51	p1day	1.02	orig=0.04in
1908	1	20	6	51	p1day	0	orig=0.0in
1908	1	21	6	51	p1day	0	orig=0.0in
1908	1	22	6	51	p1day	0	orig=0.0in
1908	1	23	6	51	p1day	0	orig=0.0in
1908	1	24	6	51	p1day	0	orig=0.0in
1908	1	25	6	51	p1day	0	orig=0.0in
1908	1	26	6	51	p1day	0	orig=0.0in
1908	1	27	6	51	p1day	0	orig=0.0in
1908	1	28	6	51	p1day	0	orig=0.0in
1908	1	29	6	51	p1day	2.03	orig=0.08in
1908	1	30	6	51	p1day	0	orig=0.0in
1908	1	31	6	51	p1day	2.03	orig=0.08in
1908	2	1	6	51	p1day	0	orig=0.0in
1908	2	2	6	51	p1day	0	orig=0.0in
1908	2	3	6	51	p1day	0	orig=0.0in
1908	2	4	6	51	p1day	2.03	orig=0.08in
1908	2	5	6	51	p1day	3.05	orig=0.12in
1908	2	6	6	51	p1day	0	orig=0.0in
1908	2	7	6	51	p1day	0	orig=0.0in
1908	2	8	6	51	p1day	0	orig=0.0in
1908	2	9	6	51	p1day	0	orig=0.0in
1908	2	10	6	51	p1day	0	orig=0.0in
1908	2	11	6	51	p1day	1.02	orig=0.04in
1908	2	12	6	51	p1day	1.02	orig=0.04in
1908	2	13	6	51	p1day	0	orig=0.0in
1908	2	14	6	51	p1day	0	orig=0.0in
1908	2	15	6	51	p1day	0	orig=0.0in
1908	2	16	6	51	p1day	2.03	orig=0.08in
1908	2	17	6	51	p1day	2.03	orig=0.08in
1908	2	18	6	51	p1day	4.06	orig=0.16in
1908	2	19	6	51	p1day	11.94	orig=0.47in
1908	2	20	6	51	p1day	8.13	orig=0.32in
1908	2	21	6	51	p1day	10.92	orig=0.43in
1908	2	22	6	51	p1day	0	orig=0.0in
1908	2	23	6	51	p1day	2.03	orig=0.08in
1908	2	24	6	51	p1day	0	orig=0.0in
1908	2	25	6	51	p1day	1.02	orig=0.04in
1908	2	26	6	51	p1day	3.05	orig=0.12in
1908	2	27	6	51	p1day	8.89	orig=0.35in
1908	2	28	6	51	p1day	2.03	orig=0.08in
1908	2	29	6	51	p1day	6.1	orig=0.24in
1908	3	1	6	51	p1day	2.03	orig=0.08in
1908	3	2	6	51	p1day	1.02	orig=0.04in
1908	3	3	6	51	p1day	6.1	orig=0.24in
1908	3	4	6	51	p1day	1.02	orig=0.04in
1908	3	5	6	51	p1day	3.05	orig=0.12in
1908	3	6	6	51	p1day	2.03	orig=0.08in
1908	3	7	6	51	p1day	8.13	orig=0.32in
1908	3	8	6	51	p1day	0	orig=0.0in
1908	3	9	6	51	p1day	4.06	orig=0.16in
1908	3	10	6	51	p1day	4.06	orig=0.16in
1908	3	11	6	51	p1day	0	orig=0.0in
1908	3	13	6	51	p1day	0	orig=0.0in
1908	3	14	6	51	p1day	0	orig=0.0in
1908	3	15	6	51	p1day	1.02	orig=0.04in
1908	3	16	6	51	p1day	1.02	orig=0.04in
1908	3	17	6	51	p1day	2.03	orig=0.08in
1908	3	18	6	51	p1day	0	orig=0.0in
1908	3	19	6	51	p1day	1.02	orig=0.04in
1908	3	20	6	51	p1day	1.02	orig=0.04in
1908	3	21	6	51	p1day	0	orig=0.0in
1908	3	22	6	51	p1day	0	orig=0.0in
1908	3	23	6	51	p1day	4.06	orig=0.16in
1908	3	24	6	51	p1day	0	orig=0.0in
1908	3	25	6	51	p1day	0	orig=0.0in
1908	3	26	6	51	p1day	4.06	orig=0.16in
1908	3	27	6	51	p1day	1.02	orig=0.04in
1908	3	28	6	51	p1day	0	orig=0.0in
1908	3	29	6	51	p1day	1.02	orig=0.04in
1908	3	30	6	51	p1day	2.03	orig=0.08in
1908	3	31	6	51	p1day	1.02	orig=0.04in
1908	4	1	6	51	p1day	0	orig=0.0in
1908	4	2	6	51	p1day	0	orig=0.0in
1908	4	3	6	51	p1day	2.03	orig=0.08in
1908	4	4	6	51	p1day	1.02	orig=0.04in
1908	4	5	6	51	p1day	2.03	orig=0.08in
1908	4	6	6	51	p1day	2.03	orig=0.08in
1908	4	7	6	51	p1day	2.03	orig=0.08in
1908	4	8	6	51	p1day	0	orig=0.0in
1908	4	9	6	51	p1day	0	orig=0.0in
1908	4	10	6	51	p1day	0	orig=0.0in
1908	4	11	6	51	p1day	0	orig=0.0in
1908	4	12	6	51	p1day	0	orig=0.0in
1908	4	13	6	51	p1day	0	orig=0.0in
1908	4	14	6	51	p1day	2.03	orig=0.08in
1908	4	15	6	51	p1day	0	orig=0.0in
1908	4	17	6	51	p1day	0	orig=0.0in
1908	4	18	6	51	p1day	2.03	orig=0.08in
1908	4	19	6	51	p1day	0	orig=0.0in
1908	4	20	6	51	p1day	3.05	orig=0.12in
1908	4	21	6	51	p1day	0	orig=0.0in
1908	4	22	6	51	p1day	0	orig=0.0in
1908	4	23	6	51	p1day	0	orig=0.0in
1908	4	24	6	51	p1day	2.03	orig=0.08in
1908	4	25	6	51	p1day	1.02	orig=0.04in
1908	4	26	6	51	p1day	0	orig=0.0in
1908	4	27	6	51	p1day	1.02	orig=0.04in
1908	4	28	6	51	p1day	2.03	orig=0.08in
1908	4	29	6	51	p1day	7.11	orig=0.28in
1908	4	30	6	51	p1day	0	orig=0.0in
1908	5	1	6	51	p1day	1.02	orig=0.04in
1908	5	2	6	51	p1day	0	orig=0.0in
1908	5	3	6	51	p1day	0	orig=0.0in
1908	5	4	6	51	p1day	0	orig=0.0in
1908	5	5	6	51	p1day	0	orig=0.0in
1908	5	6	6	51	p1day	4.06	orig=0.16in
1908	5	7	6	51	p1day	0	orig=0.0in
1908	5	8	6	51	p1day	0	orig=0.0in
1908	5	9	6	51	p1day	0	orig=0.0in
1908	5	10	6	51	p1day	0	orig=0.0in
1908	5	11	6	51	p1day	0	orig=0.0in
1908	5	12	6	51	p1day	1.02	orig=0.04in
1908	5	13	6	51	p1day	0	orig=0.0in
1908	5	14	6	51	p1day	0	orig=0.0in
1908	5	15	6	51	p1day	1.02	orig=0.04in
1908	5	16	6	51	p1day	0	orig=0.0in
1908	5	17	6	51	p1day	0	orig=0.0in
1908	5	18	6	51	p1day	0	orig=0.0in
1908	5	19	6	51	p1day	0	orig=0.0in
1908	5	20	6	51	p1day	0	orig=0.0in
1908	5	21	6	51	p1day	5.08	orig=0.2in
1908	5	22	6	51	p1day	7.11	orig=0.28in
1908	5	23	6	51	p1day	0	orig=0.0in
1908	5	24	6	51	p1day	0	orig=0.0in
1908	5	25	6	51	p1day	0	orig=0.0in
1908	5	27	6	51	p1day	0	orig=0.0in
1908	5	28	6	51	p1day	0	orig=0.0in
1908	5	29	6	51	p1day	0	orig=0.0in
1908	5	30	6	51	p1day	3.05	orig=0.12in
1908	5	31	6	51	p1day	0	orig=0.0in
1908	6	1	6	51	p1day	0	orig=0.0in
1908	6	2	6	51	p1day	5.08	orig=0.2in
1908	6	3	6	51	p1day	0	orig=0.0in
1908	6	4	6	51	p1day	1.02	orig=0.04in
1908	6	5	6	51	p1day	0	orig=0.0in
1908	6	6	6	51	p1day	0	orig=0.0in
1908	6	7	6	51	p1day	1.02	orig=0.04in
1908	6	8	6	51	p1day	0	orig=0.0in
1908	6	9	6	51	p1day	0	orig=0.0in
1908	6	10	6	51	p1day	1.02	orig=0.04in
1908	6	12	6	51	p1day	0	orig=0.0in
1908	6	13	6	51	p1day	0	orig=0.0in
1908	6	14	6	51	p1day	1.02	orig=0.04in
1908	6	15	6	51	p1day	0	orig=0.0in
1908	6	16	6	51	p1day	0	orig=0.0in
1908	6	17	6	51	p1day	11.94	orig=0.47in
1908	6	18	6	51	p1day	7.11	orig=0.28in
1908	6	19	6	51	p1day	0	orig=0.0in
1908	6	20	6	51	p1day	0	orig=0.0in
1908	6	21	6	51	p1day	0	orig=0.0in
1908	6	22	6	51	p1day	0	orig=0.0in
1908	6	23	6	51	p1day	0	orig=0.0in
1908	6	24	6	51	p1day	0	orig=0.0in
1908	6	25	6	51	p1day	0	orig=0.0in
1908	6	26	6	51	p1day	0	orig=0.0in
1908	6	27	6	51	p1day	0	orig=0.0in
1908	6	28	6	51	p1day	0	orig=0.0in
1908	6	29	6	51	p1day	0	orig=0.0in
1908	6	30	6	51	p1day	0	orig=0.0in
1908	7	1	6	51	p1day	0	orig=0.0in
1908	7	2	6	51	p1day	0	orig=0.0in
1908	7	3	6	51	p1day	0	orig=0.0in
1908	7	4	6	51	p1day	0	orig=0.0in
1908	7	5	6	51	p1day	4.06	orig=0.16in
1908	7	6	6	51	p1day	0	orig=0.0in
1908	7	7	6	51	p1day	0	orig=0.0in
1908	7	8	6	51	p1day	5.08	orig=0.2in
1908	7	9	6	51	p1day	6.1	orig=0.24in
1908	7	10	6	51	p1day	1.02	orig=0.04in
1908	7	11	6	51	p1day	0	orig=0.0in
1908	7	12	6	51	p1day	0	orig=0.0in
1908	7	13	6	51	p1day	32	orig=1.26in
1908	7	14	6	51	p1day	32	orig=1.26in
1908	7	15	6	51	p1day	0	orig=0.0in
1908	7	17	6	51	p1day	18.03	orig=0.71in
1908	7	18	6	51	p1day	5.08	orig=0.2in
1908	7	19	6	51	p1day	3.05	orig=0.12in
1908	7	20	6	51	p1day	0	orig=0.0in
1908	7	21	6	51	p1day	0	orig=0.0in
1908	7	22	6	51	p1day	0	orig=0.0in
1908	7	23	6	51	p1day	0	orig=0.0in
1908	7	24	6	51	p1day	0	orig=0.0in
1908	7	25	6	51	p1day	0	orig=0.0in
1908	7	26	6	51	p1day	0	orig=0.0in
1908	7	27	6	51	p1day	0	orig=0.0in
1908	7	28	6	51	p1day	0	orig=0.0in
1908	7	29	6	51	p1day	0	orig=0.0in
1908	7	30	6	51	p1day	0	orig=0.0in
1908	7	31	6	51	p1day	0	orig=0.0in
1908	8	1	6	51	p1day	0	orig=0.0in
1908	8	2	6	51	p1day	0	orig=0.0in
1908	8	3	6	51	p1day	0	orig=0.0in
1908	8	4	6	51	p1day	0	orig=0.0in
1908	8	5	6	51	p1day	0	orig=0.0in
1908	8	6	6	51	p1day	6.1	orig=0.24in
1908	8	7	6	51	p1day	6.1	orig=0.24in
1908	8	8	6	51	p1day	0	orig=0.0in
1908	8	9	6	51	p1day	0	orig=0.0in
1908	8	10	6	51	p1day	0	orig=0.0in
1908	8	11	6	51	p1day	0	orig=0.0in
1908	8	12	6	51	p1day	0	orig=0.0in
1908	8	13	6	51	p1day	2.03	orig=0.08in
1908	8	14	6	51	p1day	0	orig=0.0in
1908	8	15	6	51	p1day	0	orig=0.0in
1908	8	16	6	51	p1day	0	orig=0.0in
1908	8	17	6	51	p1day	0	orig=0.0in
1908	8	18	6	51	p1day	0	orig=0.0in
1908	8	19	6	51	p1day	0	orig=0.0in
1908	8	20	6	51	p1day	0	orig=0.0in
1908	8	21	6	51	p1day	4.06	orig=0.16in
1908	8	22	6	51	p1day	1.02	orig=0.04in
1908	8	23	6	51	p1day	3.05	orig=0.12in
1908	8	24	6	51	p1day	45.97	orig=1.81in
1908	8	25	6	51	p1day	2.03	orig=0.08in
1908	8	26	6	51	p1day	0	orig=0.0in
1908	8	27	6	51	p1day	2.03	orig=0.08in
1908	8	28	6	51	p1day	1.02	orig=0.04in
1908	8	29	6	51	p1day	1.02	orig=0.04in
1908	8	30	6	51	p1day	9.91	orig=0.39in
1908	8	31	6	51	p1day	0	orig=0.0in
1908	9	1	6	51	p1day	4.06	orig=0.16in
1908	9	2	6	51	p1day	3.05	orig=0.12in
1908	9	3	6	51	p1day	1.02	orig=0.04in
1908	9	4	6	51	p1day	11.94	orig=0.47in
1908	9	5	6	51	p1day	14.99	orig=0.59in
1908	9	6	6	51	p1day	0	orig=0.0in
1908	9	7	6	51	p1day	0	orig=0.0in
1908	9	8	6	51	p1day	0	orig=0.0in
1908	9	9	6	51	p1day	1.02	orig=0.04in
1908	9	10	6	51	p1day	3.05	orig=0.12in
1908	9	11	6	51	p1day	0	orig=0.0in
1908	9	12	6	51	p1day	8.13	orig=0.32in
1908	9	13	6	51	p1day	0	orig=0.0in
1908	9	14	6	51	p1day	0	orig=0.0in
1908	9	15	6	51	p1day	0	orig=0.0in
1908	9	16	6	51	p1day	0	orig=0.0in
1908	9	17	6	51	p1day	0	orig=0.0in
1908	9	18	6	51	p1day	0	orig=0.0in
1908	9	19	6	51	p1day	0	orig=0.0in
1908	9	20	6	51	p1day	0	orig=0.0in
1908	9	21	6	51	p1day	0	orig=0.0in
1908	9	22	6	51	p1day	6.1	orig=0.24in
1908	9	23	6	51	p1day	0	orig=0.0in
1908	9	24	6	51	p1day	1.02	orig=0.04in
1908	9	25	6	51	p1day	0	orig=0.0in
1908	9	26	6	51	p1day	1.02	orig=0.04in
1908	9	27	6	51	p1day	1.02	orig=0.04in
1908	9	28	6	51	p1day	3.05	orig=0.12in
1908	9	29	6	51	p1day	0	orig=0.0in
1908	9	30	6	51	p1day	0	orig=0.0in
1908	10	1	6	51	p1day	0	orig=0.0in
1908	10	2	6	51	p1day	0	orig=0.0in
1908	10	3	6	51	p1day	0	orig=0.0in
1908	10	4	6	51	p1day	0	orig=0.0in
1908	10	5	6	51	p1day	0	orig=0.0in
1908	10	6	6	51	p1day	0	orig=0.0in
1908	10	7	6	51	p1day	0	orig=0.0in
1908	10	8	6	51	p1day	0	orig=0.0in
1908	10	9	6	51	p1day	0	orig=0.0in
1908	10	10	6	51	p1day	1.02	orig=0.04in
1908	10	11	6	51	p1day	7.11	orig=0.28in
1908	10	12	6	51	p1day	0	orig=0.0in
1908	10	13	6	51	p1day	0	orig=0.0in
1908	10	14	6	51	p1day	0	orig=0.0in
1908	10	15	6	51	p1day	0	orig=0.0in
1908	10	16	6	51	p1day	0	orig=0.0in
1908	10	17	6	51	p1day	0	orig=0.0in
1908	10	18	6	51	p1day	6.1	orig=0.24in
1908	10	19	6	51	p1day	0	orig=0.0in
1908	10	20	6	51	p1day	0	orig=0.0in
1908	10	21	6	51	p1day	0	orig=0.0in
1908	10	22	6	51	p1day	0	orig=0.0in
1908	10	23	6	51	p1day	0	orig=0.0in
1908	10	24	6	51	p1day	8.13	orig=0.32in
1908	10	25	6	51	p1day	5.08	orig=0.2in
1908	10	26	6	51	p1day	5.08	orig=0.2in
1908	10	27	6	51	p1day	1.02	orig=0.04in
1908	10	28	6	51	p1day	7.11	orig=0.28in
1908	10	29	6	51	p1day	0	orig=0.0in
1908	10	31	6	51	p1day	0	orig=0.0in
1908	11	1	6	51	p1day	0	orig=0.0in
1908	11	2	6	51	p1day	0	orig=0.0in
1908	11	3	6	51	p1day	0	orig=0.0in
1908	11	4	6	51	p1day	0	orig=0.0in
1908	11	5	6	51	p1day	0	orig=0.0in
1908	11	6	6	51	p1day	0	orig=0.0in
1908	11	7	6	51	p1day	0	orig=0.0in
1908	11	8	6	51	p1day	0	orig=0.0in
1908	11	9	6	51	p1day	0	orig=0.0in
1908	11	10	6	51	p1day	0	orig=0.0in
1908	11	11	6	51	p1day	0	orig=0.0in
1908	11	12	6	51	p1day	1.02	orig=0.04in
1908	11	13	6	51	p1day	2.03	orig=0.08in
1908	11	14	6	51	p1day	8.89	orig=0.35in
1908	11	15	6	51	p1day	2.03	orig=0.08in
1908	11	16	6	51	p1day	0	orig=0.0in
1908	11	17	6	51	p1day	1.02	orig=0.04in
1908	11	18	6	51	p1day	1.02	orig=0.04in
1908	11	19	6	51	p1day	0	orig=0.0in
1908	11	20	6	51	p1day	1.02	orig=0.04in
1908	11	21	6	51	p1day	1.02	orig=0.04in
1908	11	22	6	51	p1day	19.05	orig=0.75in
1908	11	23	6	51	p1day	0	orig=0.0in
1908	11	24	6	51	p1day	0	orig=0.0in
1908	11	25	6	51	p1day	5.08	orig=0.2in
1908	11	26	6	51	p1day	0	orig=0.0in
1908	11	27	6	51	p1day	0	orig=0.0in
1908	11	28	6	51	p1day	0	orig=0.0in
1908	11	29	6	51	p1day	0	orig=0.0in
1908	11	30	6	51	p1day	0	orig=0.0in
1908	12	1	6	51	p1day	0	orig=0.0in
1908	12	2	6	51	p1day	0	orig=0.0in
1908	12	3	6	51	p1day	0	orig=0.0in
1908	12	4	6	51	p1day	1.02	orig=0.04in
1908	12	6	6	51	p1day	0	orig=0.0in
1908	12	7	6	51	p1day	12.95	orig=0.51in
1908	12	8	6	51	p1day	1.02	orig=0.04in
1908	12	9	6	51	p1day	2.03	orig=0.08in
1908	12	10	6	51	p1day	5.08	orig=0.2in
1908	12	11	6	51	p1day	13.97	orig=0.55in
1908	12	12	6	51	p1day	5.08	orig=0.2in
1908	12	13	6	51	p1day	4.06	orig=0.16in
1908	12	14	6	51	p1day	7.11	orig=0.28in
1908	12	15	6	51	p1day	3.05	orig=0.12in
1908	12	16	6	51	p1day	0	orig=0.0in
1908	12	17	6	51	p1day	0	orig=0.0in
1908	12	18	6	51	p1day	9.91	orig=0.39in
1908	12	19	6	51	p1day	0	orig=0.0in
1908	12	20	6	51	p1day	0	orig=0.0in
1908	12	21	6	51	p1day	0	orig=0.0in
1908	12	22	6	51	p1day	0	orig=0.0in
1908	12	23	6	51	p1day	0	orig=0.0in
1908	12	24	6	51	p1day	0	orig=0.0in
1908	12	25	6	51	p1day	0	orig=0.0in
1908	12	26	6	51	p1day	0	orig=0.0in
1908	12	27	6	51	p1day	0	orig=0.0in
1908	12	28	6	51	p1day	0	orig=0.0in
1908	12	29	6	51	p1day	0	orig=0.0in
1908	12	30	6	51	p1day	0	orig=0.0in
1908	12	31	6	51	p1day	0	orig=0.0in
1909	1	1	6	51	p1day	3.05	orig=0.12in
1909	1	2	6	51	p1day	0	orig=0.0in
1909	1	3	6	51	p1day	0	orig=0.0in
1909	1	4	6	51	p1day	0	orig=0.0in
1909	1	5	6	51	p1day	0	orig=0.0in
1909	1	6	6	51	p1day	0	orig=0.0in
1909	1	7	6	51	p1day	2.03	orig=0.08in
1909	1	8	6	51	p1day	3.05	orig=0.12in
1909	1	9	6	51	p1day	0	orig=0.0in
1909	1	10	6	51	p1day	0	orig=0.0in
1909	1	11	6	51	p1day	10.92	orig=0.43in
1909	1	12	6	51	p1day	0	orig=0.0in
1909	1	13	6	51	p1day	1.02	orig=0.04in
1909	1	14	6	51	p1day	0	orig=0.0in
1909	1	15	6	51	p1day	1.02	orig=0.04in
1909	1	16	6	51	p1day	10.92	orig=0.43in
1909	1	17	6	51	p1day	0	orig=0.0in
1909	1	18	6	51	p1day	0	orig=0.0in
1909	1	19	6	51	p1day	0	orig=0.0in
1909	1	20	6	51	p1day	1.02	orig=0.04in
1909	1	21	6	51	p1day	0	orig=0.0in
1909	1	22	6	51	p1day	0	orig=0.0in
1909	1	23	6	51	p1day	0	orig=0.0in
1909	1	24	6	51	p1day	0	orig=0.0in
1909	1	25	6	51	p1day	0	orig=0.0in
1909	1	26	6	51	p1day	0	orig=0.0in
1909	1	27	6	51	p1day	0	orig=0.0in
1909	1	28	6	51	p1day	0	orig=0.0in
1909	1	29	6	51	p1day	0	orig=0.0in
1909	1	30	6	51	p1day	0	orig=0.0in
1909	1	31	6	51	p1day	0	orig=0.0in
1909	2	1	6	51	p1day	1.02	orig=0.04in
1909	2	2	6	51	p1day	1.02	orig=0.04in
1909	2	3	6	51	p1day	0	orig=0.0in
1909	2	4	6	51	p1day	0	orig=0.0in
1909	2	5	6	51	p1day	2.03	orig=0.08in
1909	2	6	6	51	p1day	2.03	orig=0.08in
1909	2	7	6	51	p1day	0	orig=0.0in
1909	2	8	6	51	p1day	0	orig=0.0in
1909	2	9	6	51	p1day	0	orig=0.0in
1909	2	10	6	51	p1day	8.89	orig=0.35in
1909	2	11	6	51	p1day	5.08	orig=0.2in
1909	2	12	6	51	p1day	0	orig=0.0in
1909	2	13	6	51	p1day	0	orig=0.0in
1909	2	14	6	51	p1day	3.05	orig=0.12in
1909	2	16	6	51	p1day	1.02	orig=0.04in
1909	2	17	6	51	p1day	0	orig=0.0in
1909	2	18	6	51	p1day	0	orig=0.0in
1909	2	19	6	51	p1day	0	orig=0.0in
1909	2	20	6	51	p1day	0	orig=0.0in
1909	2	21	6	51	p1day	0	orig=0.0in
1909	2	22	6	51	p1day	0	orig=0.0in
1909	2	23	6	51	p1day	0	orig=0.0in
1909	2	24	6	51	p1day	0	orig=0.0in
1909	2	25	6	51	p1day	0	orig=0.0in
1909	2	26	6	51	p1day	0	orig=0.0in
1909	2	27	6	51	p1day	0	orig=0.0in
1909	2	28	6	51	p1day	0	orig=0.0in
1909	3	1	6	51	p1day	0	orig=0.0in
1909	3	2	6	51	p1day	0	orig=0.0in
1909	3	3	6	51	p1day	0	orig=0.0in
1909	3	4	6	51	p1day	0	orig=0.0in
1909	3	5	6	51	p1day	0	orig=0.0in
1909	3	6	6	51	p1day	3.05	orig=0.12in
1909	3	7	6	51	p1day	8.13	orig=0.32in
1909	3	8	6	51	p1day	2.03	orig=0.08in
1909	3	9	6	51	p1day	2.03	orig=0.08in
1909	3	10	6	51	p1day	0	orig=0.0in
1909	3	11	6	51	p1day	1.02	orig=0.04in
1909	3	12	6	51	p1day	2.03	orig=0.08in
1909	3	13	6	51	p1day	3.05	orig=0.12in
1909	3	14	6	51	p1day	2.03	orig=0.08in
1909	3	15	6	51	p1day	2.03	orig=0.08in
1909	3	16	6	51	p1day	7.11	orig=0.28in
1909	3	17	6	51	p1day	1.02	orig=0.04in
1909	3	19	6	51	p1day	4.06	orig=0.16in
1909	3	20	6	51	p1day	6.1	orig=0.24in
1909	3	21	6	51	p1day	8.13	orig=0.32in
1909	3	22	6	51	p1day	2.03	orig=0.08in
1909	3	23	6	51	p1day	2.03	orig=0.08in
1909	3	24	6	51	p1day	0	orig=0.0in
1909	3	25	6	51	p1day	11.94	orig=0.47in
1909	3	26	6	51	p1day	2.03	orig=0.08in
1909	3	27	6	51	p1day	0	orig=0.0in
1909	3	28	6	51	p1day	0	orig=0.0in
1909	3	29	6	51	p1day	4.06	orig=0.16in
1909	3	31	6	51	p1day	14.99	orig=0.59in
1909	4	1	6	51	p1day	3.05	orig=0.12in
1909	4	2	6	51	p1day	0	orig=0.0in
1909	4	3	6	51	p1day	0	orig=0.0in
1909	4	4	6	51	p1day	0	orig=0.0in
1909	4	5	6	51	p1day	0	orig=0.0in
1909	4	6	6	51	p1day	0	orig=0.0in
1909	4	7	6	51	p1day	0	orig=0.0in
1909	4	8	6	51	p1day	0	orig=0.0in
1909	4	9	6	51	p1day	0	orig=0.0in
1909	4	10	6	51	p1day	0	orig=0.0in
1909	4	11	6	51	p1day	0	orig=0.0in
1909	4	12	6	51	p1day	0	orig=0.0in
1909	4	13	6	51	p1day	1.02	orig=0.04in
1909	4	14	6	51	p1day	7.11	orig=0.28in
1909	4	15	6	51	p1day	1.02	orig=0.04in
1909	4	16	6	51	p1day	0	orig=0.0in
1909	4	17	6	51	p1day	0	orig=0.0in
1909	4	18	6	51	p1day	0	orig=0.0in
1909	4	19	6	51	p1day	0	orig=0.0in
1909	4	20	6	51	p1day	8.13	orig=0.32in
1909	4	21	6	51	p1day	0	orig=0.0in
1909	4	22	6	51	p1day	0	orig=0.0in
1909	4	23	6	51	p1day	2.03	orig=0.08in
1909	4	24	6	51	p1day	0	orig=0.0in
1909	4	25	6	51	p1day	9.91	orig=0.39in
1909	4	26	6	51	p1day	0	orig=0.0in
1909	4	27	6	51	p1day	2.03	orig=0.08in
1909	4	28	6	51	p1day	0	orig=0.0in
1909	4	29	6	51	p1day	0	orig=0.0in
1909	4	30	6	51	p1day	7.11	orig=0.28in
1909	5	1	6	51	p1day	4.06	orig=0.16in
1909	5	2	6	51	p1day	0	orig=0.0in
1909	5	3	6	51	p1day	0	orig=0.0in
1909	5	4	6	51	p1day	0	orig=0.0in
1909	5	5	6	51	p1day	0	orig=0.0in
1909	5	6	6	51	p1day	0	orig=0.0in
1909	5	7	6	51	p1day	0	orig=0.0in
1909	5	8	6	51	p1day	0	orig=0.0in
1909	5	9	6	51	p1day	0	orig=0.0in
1909	5	10	6	51	p1day	0	orig=0.0in
1909	5	11	6	51	p1day	0	orig=0.0in
1909	5	12	6	51	p1day	0	orig=0.0in
1909	5	13	6	51	p1day	0	orig=0.0in
1909	5	14	6	51	p1day	0	orig=0.0in
1909	5	15	6	51	p1day	0	orig=0.0in
1909	5	16	6	51	p1day	0	orig=0.0in
1909	5	17	6	51	p1day	16	orig=0.63in
1909	5	18	6	51	p1day	0	orig=0.0in
1909	5	19	6	51	p1day	0	orig=0.0in
1909	5	20	6	51	p1day	0	orig=0.0in
1909	5	21	6	51	p1day	0	orig=0.0in
1909	5	22	6	51	p1day	0	orig=0.0in
1909	5	23	6	51	p1day	0	orig=0.0in
1909	5	24	6	51	p1day	0	orig=0.0in
1909	5	25	6	51	p1day	0	orig=0.0in
1909	5	26	6	51	p1day	24.13	orig=0.95in
1909	5	27	6	51	p1day	0	orig=0.0in
1909	5	28	6	51	p1day	0	orig=0.0in
1909	5	29	6	51	p1day	3.05	orig=0.12in
1909	5	30	6	51	p1day	0	orig=0.0in
1909	5	31	6	51	p1day	0	orig=0.0in
1909	6	1	6	51	p1day	0	orig=0.0in
1909	6	2	6	51	p1day	19.05	orig=0.75in
1909	6	3	6	51	p1day	7.11	orig=0.28in
1909	6	4	6	51	p1day	54.1	orig=2.13in
1909	6	5	6	51	p1day	8.89	orig=0.35in
1909	6	6	6	51	p1day	0	orig=0.0in
1909	6	7	6	51	p1day	0	orig=0.0in
1909	6	8	6	51	p1day	0	orig=0.0in
1909	6	9	6	51	p1day	0	orig=0.0in
1909	6	10	6	51	p1day	0	orig=0.0in
1909	6	11	6	51	p1day	1.02	orig=0.04in
1909	6	12	6	51	p1day	4.06	orig=0.16in
1909	6	13	6	51	p1day	2.03	orig=0.08in
1909	6	14	6	51	p1day	0	orig=0.0in
1909	6	15	6	51	p1day	0	orig=0.0in
1909	6	16	6	51	p1day	0	orig=0.0in
1909	6	17	6	51	p1day	0	orig=0.0in
1909	6	18	6	51	p1day	0	orig=0.0in
1909	6	19	6	51	p1day	0	orig=0.0in
1909	6	20	6	51	p1day	0	orig=0.0in
1909	6	21	6	51	p1day	0	orig=0.0in
1909	6	22	6	51	p1day	4.06	orig=0.16in
1909	6	23	6	51	p1day	0	orig=0.0in
1909	6	24	6	51	p1day	4.06	orig=0.16in
1909	6	25	6	51	p1day	8.13	orig=0.32in
1909	6	26	6	51	p1day	5.08	orig=0.2in
1909	6	27	6	51	p1day	0	orig=0.0in
1909	6	28	6	51	p1day	0	orig=0.0in
1909	6	29	6	51	p1day	0	orig=0.0in
1909	6	30	6	51	p1day	3.05	orig=0.12in
1909	7	1	6	51	p1day	0	orig=0.0in
1909	7	2	6	51	p1day	0	orig=0.0in
1909	7	3	6	51	p1day	0	orig=0.0in
1909	7	4	6	51	p1day	4.06	orig=0.16in
1909	7	5	6	51	p1day	6.1	orig=0.24in
1909	7	6	6	51	p1day	0	orig=0.0in
1909	7	7	6	51	p1day	8.13	orig=0.32in
1909	7	8	6	51	p1day	6.1	orig=0.24in
1909	7	9	6	51	p1day	0	orig=0.0in
1909	7	10	6	51	p1day	8.89	orig=0.35in
1909	7	11	6	51	p1day	2.03	orig=0.08in
1909	7	12	6	51	p1day	0	orig=0.0in
1909	7	13	6	51	p1day	1.02	orig=0.04in
1909	7	14	6	51	p1day	0	orig=0.0in
1909	7	15	6	51	p1day	0	orig=0.0in
1909	7	16	6	51	p1day	1.02	orig=0.04in
1909	7	17	6	51	p1day	26.92	orig=1.06in
1909	7	18	6	51	p1day	0	orig=0.0in
1909	7	19	6	51	p1day	0	orig=0.0in
1909	7	20	6	51	p1day	0	orig=0.0in
1909	7	21	6	51	p1day	0	orig=0.0in
1909	7	22	6	51	p1day	0	orig=0.0in
1909	7	23	6	51	p1day	0	orig=0.0in
1909	7	24	6	51	p1day	0	orig=0.0in
1909	7	25	6	51	p1day	0	orig=0.0in
1909	7	26	6	51	p1day	1.02	orig=0.04in
1909	7	27	6	51	p1day	1.02	orig=0.04in
1909	7	28	6	51	p1day	17.02	orig=0.67in
1909	7	29	6	51	p1day	2.03	orig=0.08in
1909	7	30	6	51	p1day	0	orig=0.0in
1909	7	31	6	51	p1day	0	orig=0.0in
1909	8	1	6	51	p1day	0	orig=0.0in
1909	8	2	6	51	p1day	1.02	orig=0.04in
1909	8	3	6	51	p1day	0	orig=0.0in
1909	8	4	6	51	p1day	0	orig=0.0in
1909	8	5	6	51	p1day	0	orig=0.0in
1909	8	6	6	51	p1day	0	orig=0.0in
1909	8	7	6	51	p1day	0	orig=0.0in
1909	8	8	6	51	p1day	0	orig=0.0in
1909	8	9	6	51	p1day	0	orig=0.0in
1909	8	10	6	51	p1day	0	orig=0.0in
1909	8	11	6	51	p1day	0	orig=0.0in
1909	8	12	6	51	p1day	0	orig=0.0in
1909	8	13	6	51	p1day	0	orig=0.0in
1909	8	14	6	51	p1day	0	orig=0.0in
1909	8	15	6	51	p1day	0	orig=0.0in
1909	8	16	6	51	p1day	0	orig=0.0in
1909	8	17	6	51	p1day	1.02	orig=0.04in
1909	8	18	6	51	p1day	5.08	orig=0.2in
1909	8	19	6	51	p1day	1.02	orig=0.04in
1909	8	20	6	51	p1day	0	orig=0.0in
1909	8	21	6	51	p1day	30.99	orig=1.22in
1909	8	22	6	51	p1day	5.08	orig=0.2in
1909	8	23	6	51	p1day	0	orig=0.0in
1909	8	24	6	51	p1day	0	orig=0.0in
1909	8	25	6	51	p1day	55.12	orig=2.17in
1909	8	26	6	51	p1day	2.03	orig=0.08in
1909	8	27	6	51	p1day	1.02	orig=0.04in
1909	8	28	6	51	p1day	0	orig=0.0in
1909	8	29	6	51	p1day	0	orig=0.0in
1909	8	30	6	51	p1day	0	orig=0.0in
1909	8	31	6	51	p1day	0	orig=0.0in
1909	9	1	6	51	p1day	0	orig=0.0in
1909	9	2	6	51	p1day	1.02	orig=0.04in
1909	9	3	6	51	p1day	0	orig=0.0in
1909	9	4	6	51	p1day	0	orig=0.0in
1909	9	5	6	51	p1day	8.89	orig=0.35in
1909	9	6	6	51	p1day	0	orig=0.0in
1909	9	7	6	51	p1day	3.05	orig=0.12in
1909	9	8	6	51	p1day	0	orig=0.0in
1909	9	9	6	51	p1day	2.03	orig=0.08in
1909	9	10	6	51	p1day	0	orig=0.0in
1909	9	11	6	51	p1day	20.07	orig=0.79in
1909	9	12	6	51	p1day	0	orig=0.0in
1909	9	13	6	51	p1day	1.02	orig=0.04in
1909	9	14	6	51	p1day	8.89	orig=0.35in
1909	9	15	6	51	p1day	0	orig=0.0in
1909	9	17	6	51	p1day	0	orig=0.0in
1909	9	18	6	51	p1day	0	orig=0.0in
1909	9	19	6	51	p1day	0	orig=0.0in
1909	9	20	6	51	p1day	0	orig=0.0in
1909	9	21	6	51	p1day	0	orig=0.0in
1909	9	22	6	51	p1day	0	orig=0.0in
1909	9	23	6	51	p1day	12.95	orig=0.51in
1909	9	24	6	51	p1day	0	orig=0.0in
1909	9	25	6	51	p1day	0	orig=0.0in
1909	9	26	6	51	p1day	4.06	orig=0.16in
1909	9	27	6	51	p1day	0	orig=0.0in
1909	9	28	6	51	p1day	0	orig=0.0in
1909	9	29	6	51	p1day	10.92	orig=0.43in
1909	9	30	6	51	p1day	5.08	orig=0.2in
1909	10	1	6	51	p1day	0	orig=0.0in
1909	10	2	6	51	p1day	0	orig=0.0in
1909	10	4	6	51	p1day	16	orig=0.63in
1909	10	5	6	51	p1day	21.08	orig=0.83in
1909	10	6	6	51	p1day	1.02	orig=0.04in
1909	10	7	6	51	p1day	0	orig=0.0in
1909	10	8	6	51	p1day	5.08	orig=0.2in
1909	10	9	6	51	p1day	0	orig=0.0in
1909	10	10	6	51	p1day	0	orig=0.0in
1909	10	11	6	51	p1day	0	orig=0.0in
1909	10	12	6	51	p1day	0	orig=0.0in
1909	10	13	6	51	p1day	0	orig=0.0in
1909	10	14	6	51	p1day	10.92	orig=0.43in
1909	10	15	6	51	p1day	1.02	orig=0.04in
1909	10	16	6	51	p1day	4.06	orig=0.16in
1909	10	17	6	51	p1day	11.94	orig=0.47in
1909	10	18	6	51	p1day	2.03	orig=0.08in
1909	10	19	6	51	p1day	0	orig=0.0in
1909	10	20	6	51	p1day	0	orig=0.0in
1909	10	21	6	51	p1day	8.89	orig=0.35in
1909	10	22	6	51	p1day	3.05	orig=0.12in
1909	10	23	6	51	p1day	0	orig=0.0in
1909	10	24	6	51	p1day	2.03	orig=0.08in
1909	10	25	6	51	p1day	0	orig=0.0in
1909	10	26	6	51	p1day	0	orig=0.0in
1909	10	27	6	51	p1day	24.13	orig=0.95in
1909	10	28	6	51	p1day	25.91	orig=1.02in
1909	10	29	6	51	p1day	34.04	orig=1.34in
1909	10	30	6	51	p1day	2.03	orig=0.08in
1909	10	31	6	51	p1day	0	orig=0.0in
1909	11	1	6	51	p1day	17.02	orig=0.67in
1909	11	2	6	51	p1day	0	orig=0.0in
1909	11	3	6	51	p1day	0	orig=0.0in
1909	11	4	6	51	p1day	0	orig=0.0in
1909	11	5	6	51	p1day	0	orig=0.0in
1909	11	6	6	51	p1day	0	orig=0.0in
1909	11	7	6	51	p1day	0	orig=0.0in
1909	11	8	6	51	p1day	9.91	orig=0.39in
1909	11	9	6	51	p1day	1.02	orig=0.04in
1909	11	10	6	51	p1day	2.03	orig=0.08in
1909	11	11	6	51	p1day	0	orig=0.0in
1909	11	12	6	51	p1day	0	orig=0.0in
1909	11	13	6	51	p1day	1.02	orig=0.04in
1909	11	14	6	51	p1day	0	orig=0.0in
1909	11	15	6	51	p1day	0	orig=0.0in
1909	11	16	6	51	p1day	0	orig=0.0in
1909	11	17	6	51	p1day	0	orig=0.0in
1909	11	18	6	51	p1day	0	orig=0.0in
1909	11	19	6	51	p1day	0	orig=0.0in
1909	11	20	6	51	p1day	0	orig=0.0in
1909	11	21	6	51	p1day	2.03	orig=0.08in
1909	11	22	6	51	p1day	0	orig=0.0in
1909	11	23	6	51	p1day	25.91	orig=1.02in
1909	11	24	6	51	p1day	10.92	orig=0.43in
1909	11	25	6	51	p1day	0	orig=0.0in
1909	11	26	6	51	p1day	0	orig=0.0in
1909	11	27	6	51	p1day	0	orig=0.0in
1909	11	28	6	51	p1day	0	orig=0.0in
1909	11	29	6	51	p1day	3.05	orig=0.12in
1909	11	30	6	51	p1day	23.11	orig=0.91in
1909	12	1	6	51	p1day	5.08	orig=0.2in
1909	12	2	6	51	p1day	8.13	orig=0.32in
1909	12	3	6	51	p1day	17.02	orig=0.67in
1909	12	4	6	51	p1day	4.06	orig=0.16in
1909	12	5	6	51	p1day	17.02	orig=0.67in
1909	12	6	6	51	p1day	8.13	orig=0.32in
1909	12	7	6	51	p1day	42.93	orig=1.69in
1909	12	8	6	51	p1day	3.05	orig=0.12in
1909	12	9	6	51	p1day	0	orig=0.0in
1909	12	10	6	51	p1day	0	orig=0.0in
1909	12	11	6	51	p1day	7.11	orig=0.28in
1909	12	12	6	51	p1day	0	orig=0.0in
1909	12	13	6	51	p1day	0	orig=0.0in
1909	12	14	6	51	p1day	0	orig=0.0in
1909	12	15	6	51	p1day	0	orig=0.0in
1909	12	16	6	51	p1day	0	orig=0.0in
1909	12	17	6	51	p1day	6.1	orig=0.24in
1909	12	18	6	51	p1day	16	orig=0.63in
1909	12	19	6	51	p1day	0	orig=0.0in
1909	12	20	6	51	p1day	3.05	orig=0.12in
1909	12	21	6	51	p1day	0	orig=0.0in
1909	12	22	6	51	p1day	12.95	orig=0.51in
1909	12	23	6	51	p1day	8.13	orig=0.32in
1909	12	24	6	51	p1day	4.06	orig=0.16in
1909	12	25	6	51	p1day	0	orig=0.0in
1909	12	26	6	51	p1day	8.13	orig=0.32in
1909	12	27	6	51	p1day	5.08	orig=0.2in
1909	12	28	6	51	p1day	5.08	orig=0.2in
1909	12	29	6	51	p1day	0.76	orig=0.03in
1909	12	30	6	51	p1day	0	orig=0.0in
1909	12	31	6	51	p1day	0	orig=0.0in
1910	1	1	6	51	p1day	3.05	orig=0.12in
1910	1	2	6	51	p1day	1.02	orig=0.04in
1910	1	3	6	51	p1day	2.03	orig=0.08in
1910	1	4	6	51	p1day	0	orig=0.0in
1910	1	5	6	51	p1day	0	orig=0.0in
1910	1	6	6	51	p1day	1.02	orig=0.04in
1910	1	7	6	51	p1day	0	orig=0.0in
1910	1	8	6	51	p1day	0	orig=0.0in
1910	1	9	6	51	p1day	0	orig=0.0in
1910	1	10	6	51	p1day	4.06	orig=0.16in
1910	1	11	6	51	p1day	8.89	orig=0.35in
1910	1	12	6	51	p1day	3.05	orig=0.12in
1910	1	13	6	51	p1day	0	orig=0.0in
1910	1	14	6	51	p1day	0	orig=0.0in
1910	1	15	6	51	p1day	2.03	orig=0.08in
1910	1	16	6	51	p1day	2.03	orig=0.08in
1910	1	17	6	51	p1day	7.11	orig=0.28in
1910	1	18	6	51	p1day	10.92	orig=0.43in
1910	1	19	6	51	p1day	1.02	orig=0.04in
1910	1	20	6	51	p1day	0	orig=0.0in
1910	1	21	6	51	p1day	0	orig=0.0in
1910	1	22	6	51	p1day	2.03	orig=0.08in
1910	1	23	6	51	p1day	2.03	orig=0.08in
1910	1	24	6	51	p1day	43.94	orig=1.73in
1910	1	25	6	51	p1day	11.94	orig=0.47in
1910	1	26	6	51	p1day	1.02	orig=0.04in
1910	1	27	6	51	p1day	0	orig=0.0in
1910	1	28	6	51	p1day	8.13	orig=0.32in
1910	1	29	6	51	p1day	11.94	orig=0.47in
1910	1	30	6	51	p1day	1.02	orig=0.04in
1910	1	31	6	51	p1day	0	orig=0.0in
1910	2	1	6	51	p1day	0	orig=0.0in
1910	2	2	6	51	p1day	0	orig=0.0in
1910	2	3	6	51	p1day	2.03	orig=0.08in
1910	2	4	6	51	p1day	2.03	orig=0.08in
1910	2	5	6	51	p1day	0	orig=0.0in
1910	2	6	6	51	p1day	6.1	orig=0.24in
1910	2	7	6	51	p1day	4.06	orig=0.16in
1910	2	8	6	51	p1day	5.08	orig=0.2in
1910	2	9	6	51	p1day	8.13	orig=0.32in
1910	2	10	6	51	p1day	0	orig=0.0in
1910	2	11	6	51	p1day	1.02	orig=0.04in
1910	2	12	6	51	p1day	2.03	orig=0.08in
1910	2	13	6	51	p1day	0	orig=0.0in
1910	2	14	6	51	p1day	0	orig=0.0in
1910	2	15	6	51	p1day	7.11	orig=0.28in
1910	2	16	6	51	p1day	7.11	orig=0.28in
1910	2	17	6	51	p1day	1.02	orig=0.04in
1910	2	18	6	51	p1day	1.02	orig=0.04in
1910	2	19	6	51	p1day	4.06	orig=0.16in
1910	2	20	6	51	p1day	2.03	orig=0.08in
1910	2	21	6	51	p1day	9.91	orig=0.39in
1910	2	22	6	51	p1day	5.08	orig=0.2in
1910	2	23	6	51	p1day	6.1	orig=0.24in
1910	2	24	6	51	p1day	1.02	orig=0.04in
1910	2	25	6	51	p1day	13.97	orig=0.55in
1910	2	26	6	51	p1day	18.03	orig=0.71in
1910	2	27	6	51	p1day	0	orig=0.0in
1910	2	28	6	51	p1day	0	orig=0.0in
1910	3	1	6	51	p1day	4.06	orig=0.16in
1910	3	2	6	51	p1day	0	orig=0.0in
1910	3	3	6	51	p1day	0	orig=0.0in
1910	3	4	6	51	p1day	0	orig=0.0in
1910	3	5	6	51	p1day	0	orig=0.0in
1910	3	6	6	51	p1day	0	orig=0.0in
1910	3	7	6	51	p1day	1.02	orig=0.04in
1910	3	8	6	51	p1day	0	orig=0.0in
1910	3	9	6	51	p1day	3.05	orig=0.12in
1910	3	10	6	51	p1day	8.89	orig=0.35in
1910	3	11	6	51	p1day	9.91	orig=0.39in
1910	3	12	6	51	p1day	29.97	orig=1.18in
1910	3	13	6	51	p1day	1.02	orig=0.04in
1910	3	14	6	51	p1day	0	orig=0.0in
1910	3	15	6	51	p1day	0	orig=0.0in
1910	3	16	6	51	p1day	0	orig=0.0in
1910	3	17	6	51	p1day	0	orig=0.0in
1910	3	18	6	51	p1day	4.06	orig=0.16in
1910	3	19	6	51	p1day	1.02	orig=0.04in
1910	3	20	6	51	p1day	0	orig=0.0in
1910	3	21	6	51	p1day	0	orig=0.0in
1910	3	22	6	51	p1day	0	orig=0.0in
1910	3	23	6	51	p1day	0	orig=0.0in
1910	3	24	6	51	p1day	0	orig=0.0in
1910	3	25	6	51	p1day	0	orig=0.0in
1910	3	26	6	51	p1day	0	orig=0.0in
1910	3	27	6	51	p1day	0	orig=0.0in
1910	3	28	6	51	p1day	0	orig=0.0in
1910	3	29	6	51	p1day	0	orig=0.0in
1910	3	30	6	51	p1day	0	orig=0.0in
1910	3	31	6	51	p1day	0	orig=0.0in
1910	4	1	6	51	p1day	0	orig=0.0in
1910	4	2	6	51	p1day	0	orig=0.0in
1910	4	3	6	51	p1day	0	orig=0.0in
1910	4	4	6	51	p1day	0	orig=0.0in
1910	4	5	6	51	p1day	23.11	orig=0.91in
1910	4	6	6	51	p1day	3.05	orig=0.12in
1910	4	7	6	51	p1day	3.05	orig=0.12in
1910	4	8	6	51	p1day	0	orig=0.0in
1910	4	9	6	51	p1day	0	orig=0.0in
1910	4	10	6	51	p1day	0	orig=0.0in
1910	4	11	6	51	p1day	0	orig=0.0in
1910	4	12	6	51	p1day	0	orig=0.0in
1910	4	13	6	51	p1day	13.97	orig=0.55in
1910	4	14	6	51	p1day	4.06	orig=0.16in
1910	4	15	6	51	p1day	2.03	orig=0.08in
1910	4	16	6	51	p1day	1.02	orig=0.04in
1910	4	17	6	51	p1day	2.03	orig=0.08in
1910	4	18	6	51	p1day	0	orig=0.0in
1910	4	19	6	51	p1day	1.02	orig=0.04in
1910	4	20	6	51	p1day	2.03	orig=0.08in
1910	4	21	6	51	p1day	1.02	orig=0.04in
1910	4	22	6	51	p1day	1.02	orig=0.04in
1910	4	23	6	51	p1day	2.03	orig=0.08in
1910	4	24	6	51	p1day	3.05	orig=0.12in
1910	4	25	6	51	p1day	6.1	orig=0.24in
1910	4	26	6	51	p1day	8.89	orig=0.35in
1910	4	27	6	51	p1day	1.02	orig=0.04in
1910	4	28	6	51	p1day	0	orig=0.0in
1910	4	29	6	51	p1day	2.03	orig=0.08in
1910	4	30	6	51	p1day	2.03	orig=0.08in
1910	5	1	6	51	p1day	0	orig=0.0in
1910	5	2	6	51	p1day	5.08	orig=0.2in
1910	5	3	6	51	p1day	9.91	orig=0.39in
1910	5	4	6	51	p1day	7.11	orig=0.28in
1910	5	5	6	51	p1day	1.02	orig=0.04in
1910	5	6	6	51	p1day	0	orig=0.0in
1910	5	7	6	51	p1day	4.06	orig=0.16in
1910	5	8	6	51	p1day	0	orig=0.0in
1910	5	9	6	51	p1day	24.13	orig=0.95in
1910	5	10	6	51	p1day	18.03	orig=0.71in
1910	5	11	6	51	p1day	1.02	orig=0.04in
1910	5	12	6	51	p1day	23.11	orig=0.91in
1910	5	13	6	51	p1day	8.13	orig=0.32in
1910	5	14	6	51	p1day	0	orig=0.0in
1910	5	15	6	51	p1day	0	orig=0.0in
1910	5	16	6	51	p1day	0	orig=0.0in
1910	5	17	6	51	p1day	1.02	orig=0.04in
1910	5	18	6	51	p1day	14.99	orig=0.59in
1910	5	19	6	51	p1day	5.08	orig=0.2in
1910	5	20	6	51	p1day	12.95	orig=0.51in
1910	5	21	6	51	p1day	0	orig=0.0in
1910	5	22	6	51	p1day	5.08	orig=0.2in
1910	5	23	6	51	p1day	0	orig=0.0in
1910	5	24	6	51	p1day	0	orig=0.0in
1910	5	25	6	51	p1day	0	orig=0.0in
1910	5	26	6	51	p1day	0	orig=0.0in
1910	5	27	6	51	p1day	0	orig=0.0in
1910	5	28	6	51	p1day	0	orig=0.0in
1910	5	29	6	51	p1day	1.02	orig=0.04in
1910	5	30	6	51	p1day	4.06	orig=0.16in
1910	5	31	6	51	p1day	0	orig=0.0in
1910	6	1	6	51	p1day	1.02	orig=0.04in
1910	6	2	6	51	p1day	4.06	orig=0.16in
1910	6	3	6	51	p1day	2.03	orig=0.08in
1910	6	4	6	51	p1day	5.08	orig=0.2in
1910	6	5	6	51	p1day	1.02	orig=0.04in
1910	6	6	6	51	p1day	0	orig=0.0in
1910	6	7	6	51	p1day	0	orig=0.0in
1910	6	8	6	51	p1day	0	orig=0.0in
1910	6	9	6	51	p1day	0	orig=0.0in
1910	6	10	6	51	p1day	21.08	orig=0.83in
1910	6	11	6	51	p1day	0	orig=0.0in
1910	6	12	6	51	p1day	0	orig=0.0in
1910	6	13	6	51	p1day	0	orig=0.0in
1910	6	14	6	51	p1day	17.02	orig=0.67in
1910	6	15	6	51	p1day	0	orig=0.0in
1910	6	16	6	51	p1day	0	orig=0.0in
1910	6	17	6	51	p1day	0	orig=0.0in
1910	6	18	6	51	p1day	0	orig=0.0in
1910	6	19	6	51	p1day	0	orig=0.0in
1910	6	20	6	51	p1day	0	orig=0.0in
1910	6	21	6	51	p1day	0	orig=0.0in
1910	6	22	6	51	p1day	0	orig=0.0in
1910	6	23	6	51	p1day	0	orig=0.0in
1910	6	24	6	51	p1day	3.05	orig=0.12in
1910	6	25	6	51	p1day	4.06	orig=0.16in
1910	6	26	6	51	p1day	1.02	orig=0.04in
1910	6	27	6	51	p1day	0	orig=0.0in
1910	6	28	6	51	p1day	2.03	orig=0.08in
1910	6	29	6	51	p1day	0	orig=0.0in
1910	6	30	6	51	p1day	0	orig=0.0in
1910	7	1	6	51	p1day	6.1	orig=0.24in
1910	7	2	6	51	p1day	1.02	orig=0.04in
1910	7	3	6	51	p1day	1.02	orig=0.04in
1910	7	4	6	51	p1day	3.05	orig=0.12in
1910	7	5	6	51	p1day	1.02	orig=0.04in
1910	7	6	6	51	p1day	20.07	orig=0.79in
1910	7	7	6	51	p1day	18.03	orig=0.71in
1910	7	8	6	51	p1day	5.08	orig=0.2in
1910	7	9	6	51	p1day	1.02	orig=0.04in
1910	7	10	6	51	p1day	0	orig=0.0in
1910	7	11	6	51	p1day	0	orig=0.0in
1910	7	12	6	51	p1day	0	orig=0.0in
1910	7	13	6	51	p1day	0	orig=0.0in
1910	7	14	6	51	p1day	0	orig=0.0in
1910	7	15	6	51	p1day	0	orig=0.0in
1910	7	16	6	51	p1day	0	orig=0.0in
1910	7	17	6	51	p1day	17.02	orig=0.67in
1910	7	18	6	51	p1day	8.13	orig=0.32in
1910	7	19	6	51	p1day	0	orig=0.0in
1910	7	20	6	51	p1day	1.02	orig=0.04in
1910	7	21	6	51	p1day	2.03	orig=0.08in
1910	7	22	6	51	p1day	14.99	orig=0.59in
1910	7	23	6	51	p1day	0	orig=0.0in
1910	7	24	6	51	p1day	0	orig=0.0in
1910	7	25	6	51	p1day	11.94	orig=0.47in
1910	7	26	6	51	p1day	1.02	orig=0.04in
1910	7	27	6	51	p1day	0	orig=0.0in
1910	7	28	6	51	p1day	0	orig=0.0in
1910	7	29	6	51	p1day	1.02	orig=0.04in
1910	7	30	6	51	p1day	0	orig=0.0in
1910	7	31	6	51	p1day	3.05	orig=0.12in
1910	8	1	6	51	p1day	0	orig=0.0in
1910	8	2	6	51	p1day	1.02	orig=0.04in
1910	8	3	6	51	p1day	0	orig=0.0in
1910	8	4	6	51	p1day	0	orig=0.0in
1910	8	5	6	51	p1day	8.89	orig=0.35in
1910	8	6	6	51	p1day	3.05	orig=0.12in
1910	8	7	6	51	p1day	1.02	orig=0.04in
1910	8	8	6	51	p1day	0	orig=0.0in
1910	8	9	6	51	p1day	0	orig=0.0in
1910	8	10	6	51	p1day	0	orig=0.0in
1910	8	11	6	51	p1day	0	orig=0.0in
1910	8	12	6	51	p1day	0	orig=0.0in
1910	8	13	6	51	p1day	1.02	orig=0.04in
1910	8	14	6	51	p1day	1.02	orig=0.04in
1910	8	15	6	51	p1day	0	orig=0.0in
1910	8	16	6	51	p1day	0	orig=0.0in
1910	8	17	6	51	p1day	0	orig=0.0in
1910	8	18	6	51	p1day	0	orig=0.0in
1910	8	19	6	51	p1day	2.03	orig=0.08in
1910	8	20	6	51	p1day	1.02	orig=0.04in
1910	8	21	6	51	p1day	2.03	orig=0.08in
1910	8	22	6	51	p1day	0	orig=0.0in
1910	8	23	6	51	p1day	1.02	orig=0.04in
1910	8	24	6	51	p1day	4.06	orig=0.16in
1910	8	25	6	51	p1day	0	orig=0.0in
1910	8	26	6	51	p1day	0	orig=0.0in
1910	8	27	6	51	p1day	5.08	orig=0.2in
1910	8	28	6	51	p1day	4.06	orig=0.16in
1910	8	29	6	51	p1day	4.06	orig=0.16in
1910	8	30	6	51	p1day	1.02	orig=0.04in
1910	8	31	6	51	p1day	0	orig=0.0in
1910	9	1	6	51	p1day	0	orig=0.0in
1910	9	2	6	51	p1day	0	orig=0.0in
1910	9	3	6	51	p1day	0	orig=0.0in
1910	9	4	6	51	p1day	0	orig=0.0in
1910	9	5	6	51	p1day	0	orig=0.0in
1910	9	6	6	51	p1day	0	orig=0.0in
1910	9	7	6	51	p1day	0	orig=0.0in
1910	9	8	6	51	p1day	2.03	orig=0.08in
1910	9	9	6	51	p1day	1.02	orig=0.04in
1910	9	10	6	51	p1day	1.02	orig=0.04in
1910	9	11	6	51	p1day	0	orig=0.0in
1910	9	12	6	51	p1day	0	orig=0.0in
1910	9	13	6	51	p1day	0	orig=0.0in
1910	9	14	6	51	p1day	7.11	orig=0.28in
1910	9	15	6	51	p1day	1.02	orig=0.04in
1910	9	16	6	51	p1day	0	orig=0.0in
1910	9	17	6	51	p1day	0	orig=0.0in
1910	9	18	6	51	p1day	0	orig=0.0in
1910	9	19	6	51	p1day	0	orig=0.0in
1910	9	20	6	51	p1day	0	orig=0.0in
1910	9	21	6	51	p1day	4.06	orig=0.16in
1910	9	22	6	51	p1day	4.06	orig=0.16in
1910	9	23	6	51	p1day	0	orig=0.0in
1910	9	24	6	51	p1day	0	orig=0.0in
1910	9	25	6	51	p1day	0	orig=0.0in
1910	9	26	6	51	p1day	0	orig=0.0in
1910	9	27	6	51	p1day	0	orig=0.0in
1910	9	28	6	51	p1day	0	orig=0.0in
1910	9	29	6	51	p1day	0	orig=0.0in
1910	9	30	6	51	p1day	6.1	orig=0.24in
1910	10	1	6	51	p1day	0	orig=0.0in
1910	10	2	6	51	p1day	0	orig=0.0in
1910	10	3	6	51	p1day	0	orig=0.0in
1910	10	4	6	51	p1day	0	orig=0.0in
1910	10	5	6	51	p1day	0	orig=0.0in
1910	10	6	6	51	p1day	0	orig=0.0in
1910	10	7	6	51	p1day	0	orig=0.0in
1910	10	8	6	51	p1day	0	orig=0.0in
1910	10	9	6	51	p1day	1.02	orig=0.04in
1910	10	10	6	51	p1day	0	orig=0.0in
1910	10	11	6	51	p1day	0	orig=0.0in
1910	10	12	6	51	p1day	1.02	orig=0.04in
1910	10	13	6	51	p1day	0	orig=0.0in
1910	10	14	6	51	p1day	10.92	orig=0.43in
1910	10	15	6	51	p1day	0	orig=0.0in
1910	10	16	6	51	p1day	0	orig=0.0in
1910	10	17	6	51	p1day	0	orig=0.0in
1910	10	18	6	51	p1day	1.02	orig=0.04in
1910	10	19	6	51	p1day	20.07	orig=0.79in
1910	10	20	6	51	p1day	17.02	orig=0.67in
1910	10	21	6	51	p1day	7.11	orig=0.28in
1910	10	22	6	51	p1day	1.02	orig=0.04in
1910	10	23	6	51	p1day	0	orig=0.0in
1910	10	24	6	51	p1day	0	orig=0.0in
1910	10	25	6	51	p1day	0	orig=0.0in
1910	10	26	6	51	p1day	1.02	orig=0.04in
1910	10	27	6	51	p1day	0	orig=0.0in
1910	10	28	6	51	p1day	4.06	orig=0.16in
1910	10	29	6	51	p1day	1.02	orig=0.04in
1910	10	30	6	51	p1day	0	orig=0.0in
1910	10	31	6	51	p1day	1.02	orig=0.04in
1910	11	1	6	51	p1day	14.99	orig=0.59in
1910	11	2	6	51	p1day	7.11	orig=0.28in
1910	11	3	6	51	p1day	0	orig=0.0in
1910	11	4	6	51	p1day	14.99	orig=0.59in
1910	11	5	6	51	p1day	0	orig=0.0in
1910	11	6	6	51	p1day	0	orig=0.0in
1910	11	7	6	51	p1day	12.95	orig=0.51in
1910	11	8	6	51	p1day	5.08	orig=0.2in
1910	11	10	6	51	p1day	0	orig=0.0in
1910	11	11	6	51	p1day	8.89	orig=0.35in
1910	11	12	6	51	p1day	0	orig=0.0in
1910	11	13	6	51	p1day	3.05	orig=0.12in
1910	11	14	6	51	p1day	13.97	orig=0.55in
1910	11	15	6	51	p1day	20.07	orig=0.79in
1910	11	16	6	51	p1day	2.03	orig=0.08in
1910	11	17	6	51	p1day	0	orig=0.0in
1910	11	18	6	51	p1day	20.07	orig=0.79in
1910	11	19	6	51	p1day	4.06	orig=0.16in
1910	11	20	6	51	p1day	0	orig=0.0in
1910	11	21	6	51	p1day	0	orig=0.0in
1910	11	22	6	51	p1day	0	orig=0.0in
1910	11	23	6	51	p1day	0	orig=0.0in
1910	11	24	6	51	p1day	2.03	orig=0.08in
1910	11	25	6	51	p1day	2.03	orig=0.08in
1910	11	26	6	51	p1day	0	orig=0.0in
1910	11	27	6	51	p1day	0	orig=0.0in
1910	11	28	6	51	p1day	12.95	orig=0.51in
1910	11	29	6	51	p1day	0	orig=0.0in
1910	11	30	6	51	p1day	28.96	orig=1.14in
1910	12	1	6	51	p1day	21.08	orig=0.83in
1910	12	2	6	51	p1day	9.91	orig=0.39in
1910	12	3	6	51	p1day	0	orig=0.0in
1910	12	4	6	51	p1day	14.99	orig=0.59in
1910	12	5	6	51	p1day	3.05	orig=0.12in
1910	12	6	6	51	p1day	1.02	orig=0.04in
1910	12	7	6	51	p1day	1.02	orig=0.04in
1910	12	8	6	51	p1day	0	orig=0.0in
1910	12	9	6	51	p1day	5.08	orig=0.2in
1910	12	10	6	51	p1day	0	orig=0.0in
1910	12	11	6	51	p1day	3.05	orig=0.12in
1910	12	12	6	51	p1day	1.02	orig=0.04in
1910	12	13	6	51	p1day	3.05	orig=0.12in
1910	12	14	6	51	p1day	0	orig=0.0in
1910	12	15	6	51	p1day	8.13	orig=0.32in
1910	12	16	6	51	p1day	5.08	orig=0.2in
1910	12	17	6	51	p1day	11.94	orig=0.47in
1910	12	18	6	51	p1day	5.08	orig=0.2in
1910	12	19	6	51	p1day	0	orig=0.0in
1910	12	20	6	51	p1day	3.05	orig=0.12in
1910	12	21	6	51	p1day	1.02	orig=0.04in
1910	12	22	6	51	p1day	0	orig=0.0in
1910	12	23	6	51	p1day	0	orig=0.0in
1910	12	24	6	51	p1day	4.06	orig=0.16in
1910	12	25	6	51	p1day	2.03	orig=0.08in
1910	12	26	6	51	p1day	0	orig=0.0in
1910	12	27	6	51	p1day	3.05	orig=0.12in
1910	12	28	6	51	p1day	6.1	orig=0.24in
1910	12	29	6	51	p1day	6.1	orig=0.24in
1910	12	30	6	51	p1day	0	orig=0.0in
1910	12	31	6	51	p1day	0	orig=0.0in
